date,total_doses_daily,total_doses_cumulative,_1st_dose_daily,_1st_dose_cumulative,_2nd_dose_daily,_2nd_dose_cumulative_admin,total_doses_daily_chicago_resident,total_doses_cumulative_chicago_resident,total_doses_daily_non_chicago_resident,total_doses_cumulative_non_chicago_resident,total_doses_daily_unknown_residency,total_doses_cumulative_unknown_residency,_1st_dose_daily_chicago_resident,_1st_dose_cumulative_chicago_resident,_1st_dose_daily_non_chicago_resident,_1st_dose_cumulative_non_chicago_resident,_1st_dose_daily_unknown_residency,_1st_dose_cumulative_unknown_residency,_2nd_dose_daily_chicago_resident,_2nd_dose_cumulative_chicago_resident,_2nd_dose_daily_non_chicago_resident,_2nd_dose_cumulative_non_chicago_resident,_2nd_dose_daily_unknown_residency,_2nd_dose_cumulative_unknown_residency
2023-02-14T00:00:00.000,250,4285662,174,2331484,76,1954178,205,3163434,43,1101101,2,21127,139,1691744,33,625104,2,14636,66,1471690,10,475997,0,6491
2023-02-13T00:00:00.000,342,4285412,221,2331310,121,1954102,289,3163229,52,1101058,1,21125,188,1691605,32,625071,1,14634,101,1471624,20,475987,0,6491
2023-02-12T00:00:00.000,67,4285070,47,2331089,20,1953981,60,3162940,7,1101006,0,21124,41,1691417,6,625039,0,14633,19,1471523,1,475967,0,6491
2023-02-11T00:00:00.000,220,4285003,147,2331042,73,1953961,193,3162880,27,1100999,0,21124,126,1691376,21,625033,0,14633,67,1471504,6,475966,0,6491
2023-02-10T00:00:00.000,412,4284783,247,2330895,165,1953888,334,3162687,77,1100972,1,21124,204,1691250,42,625012,1,14633,130,1471437,35,475960,0,6491
2023-02-09T00:00:00.000,352,4284371,209,2330648,143,1953723,291,3162353,60,1100895,1,21123,169,1691046,39,624970,1,14632,122,1471307,21,475925,0,6491
2023-02-08T00:00:00.000,348,4284019,203,2330439,145,1953580,280,3162062,68,1100835,0,21122,155,1690877,48,624931,0,14631,125,1471185,20,475904,0,6491
2023-02-07T00:00:00.000,359,4283671,224,2330236,135,1953435,301,3161782,58,1100767,0,21122,185,1690722,39,624883,0,14631,116,1471060,19,475884,0,6491
2023-02-06T00:00:00.000,429,4283312,286,2330012,143,1953300,354,3161481,75,1100709,0,21122,236,1690537,50,624844,0,14631,118,1470944,25,475865,0,6491
2023-02-05T00:00:00.000,115,4282883,101,2329726,14,1953157,83,3161127,32,1100634,0,21122,72,1690301,29,624794,0,14631,11,1470826,3,475840,0,6491
2023-02-04T00:00:00.000,189,4282768,125,2329625,64,1953143,151,3161044,38,1100602,0,21122,93,1690229,32,624765,0,14631,58,1470815,6,475837,0,6491
2023-02-03T00:00:00.000,435,4282579,280,2329500,155,1953079,363,3160893,72,1100564,0,21122,227,1690136,53,624733,0,14631,136,1470757,19,475831,0,6491
2023-02-02T00:00:00.000,390,4282144,223,2329220,167,1952924,312,3160530,78,1100492,0,21122,182,1689909,41,624680,0,14631,130,1470621,37,475812,0,6491
2023-02-01T00:00:00.000,416,4281754,265,2328997,151,1952757,338,3160218,77,1100414,1,21122,213,1689727,52,624639,0,14631,125,1470491,25,475775,1,6491
2023-01-31T00:00:00.000,411,4281338,263,2328732,148,1952606,327,3159880,81,1100337,3,21121,205,1689514,55,624587,3,14631,122,1470366,26,475750,0,6490
2023-01-30T00:00:00.000,432,4280927,272,2328469,160,1952458,361,3159553,69,1100256,2,21118,223,1689309,47,624532,2,14628,138,1470244,22,475724,0,6490
2023-01-29T00:00:00.000,96,4280495,63,2328197,33,1952298,80,3159192,16,1100187,0,21116,51,1689086,12,624485,0,14626,29,1470106,4,475702,0,6490
2023-01-28T00:00:00.000,208,4280399,150,2328134,58,1952265,175,3159112,33,1100171,0,21116,127,1689035,23,624473,0,14626,48,1470077,10,475698,0,6490
2023-01-27T00:00:00.000,455,4280191,289,2327984,166,1952207,354,3158937,99,1100138,2,21116,216,1688908,72,624450,1,14626,138,1470029,27,475688,1,6490
2023-01-26T00:00:00.000,469,4279736,284,2327695,185,1952041,377,3158583,91,1100039,1,21114,224,1688692,60,624378,0,14625,153,1469891,31,475661,1,6489
2023-01-25T00:00:00.000,421,4279267,266,2327411,155,1951856,350,3158206,70,1099948,1,21113,213,1688468,52,624318,1,14625,137,1469738,18,475630,0,6488
2023-01-24T00:00:00.000,480,4278846,285,2327145,195,1951701,394,3157856,83,1099878,3,21112,237,1688255,46,624266,2,14624,157,1469601,37,475612,1,6488
2023-01-23T00:00:00.000,459,4278366,297,2326860,162,1951506,364,3157462,94,1099795,1,21109,233,1688018,64,624220,0,14622,131,1469444,30,475575,1,6487
2023-01-22T00:00:00.000,90,4277907,70,2326563,20,1951344,68,3157098,22,1099701,0,21108,50,1687785,20,624156,0,14622,18,1469313,2,475545,0,6486
2023-01-21T00:00:00.000,236,4277817,157,2326493,79,1951324,170,3157030,66,1099679,0,21108,109,1687735,48,624136,0,14622,61,1469295,18,475543,0,6486
2023-01-20T00:00:00.000,519,4277581,335,2326336,184,1951245,422,3156860,94,1099613,3,21108,262,1687626,70,624088,3,14622,160,1469234,24,475525,0,6486
2023-01-19T00:00:00.000,412,4277062,273,2326001,139,1951061,324,3156438,87,1099519,1,21105,208,1687364,64,624018,1,14619,116,1469074,23,475501,0,6486
2023-01-18T00:00:00.000,509,4276650,332,2325728,177,1950922,422,3156114,87,1099432,0,21104,276,1687156,56,623954,0,14618,146,1468958,31,475478,0,6486
2023-01-17T00:00:00.000,489,4276141,307,2325396,182,1950745,403,3155692,85,1099345,1,21104,246,1686880,60,623898,1,14618,157,1468812,25,475447,0,6486
2023-01-16T00:00:00.000,304,4275652,182,2325089,122,1950563,250,3155289,54,1099260,0,21103,155,1686634,27,623838,0,14617,95,1468655,27,475422,0,6486
2023-01-15T00:00:00.000,124,4275348,89,2324907,35,1950441,102,3155039,22,1099206,0,21103,72,1686479,17,623811,0,14617,30,1468560,5,475395,0,6486
2023-01-14T00:00:00.000,397,4275224,254,2324818,143,1950406,322,3154937,75,1099184,0,21103,198,1686407,56,623794,0,14617,124,1468530,19,475390,0,6486
2023-01-13T00:00:00.000,641,4274827,394,2324564,247,1950263,528,3154615,109,1099109,4,21103,324,1686209,67,623738,3,14617,204,1468406,42,475371,1,6486
2023-01-12T00:00:00.000,570,4274186,343,2324170,227,1950016,461,3154087,106,1099000,3,21099,273,1685885,67,623671,3,14614,188,1468202,39,475329,0,6485
2023-01-11T00:00:00.000,565,4273616,342,2323827,223,1949789,456,3153626,105,1098894,4,21096,278,1685612,62,623604,2,14611,178,1468014,43,475290,2,6485
2023-01-10T00:00:00.000,597,4273051,364,2323485,233,1949566,495,3153170,101,1098789,1,21092,299,1685334,64,623542,1,14609,196,1467836,37,475247,0,6483
2023-01-09T00:00:00.000,687,4272454,420,2323121,267,1949333,563,3152675,122,1098688,2,21091,345,1685035,75,623478,0,14608,218,1467640,47,475210,2,6483
2023-01-08T00:00:00.000,174,4271767,116,2322701,58,1949066,140,3152112,34,1098566,0,21089,93,1684690,23,623403,0,14608,47,1467422,11,475163,0,6481
2023-01-07T00:00:00.000,421,4271593,260,2322585,161,1949008,347,3151972,74,1098532,0,21089,210,1684597,50,623380,0,14608,137,1467375,24,475152,0,6481
2023-01-06T00:00:00.000,707,4271172,423,2322325,284,1948847,565,3151625,139,1098458,3,21089,325,1684387,95,623330,3,14608,240,1467238,44,475128,0,6481
2023-01-05T00:00:00.000,658,4270465,403,2321902,255,1948563,545,3151060,113,1098319,0,21086,333,1684062,70,623235,0,14605,212,1466998,43,475084,0,6481
2023-01-04T00:00:00.000,653,4269807,414,2321499,239,1948308,515,3150515,134,1098206,4,21086,323,1683729,90,623165,1,14605,192,1466786,44,475041,3,6481
2023-01-03T00:00:00.000,683,4269154,417,2321085,266,1948069,535,3150000,146,1098072,2,21082,319,1683406,97,623075,1,14604,216,1466594,49,474997,1,6478
2023-01-02T00:00:00.000,360,4268471,269,2320668,91,1947803,277,3149465,83,1097926,0,21080,201,1683087,68,622978,0,14603,76,1466378,15,474948,0,6477
2023-01-01T00:00:00.000,21,4268111,18,2320399,3,1947712,13,3149188,8,1097843,0,21080,11,1682886,7,622910,0,14603,2,1466302,1,474933,0,6477
2022-12-31T00:00:00.000,124,4268090,89,2320381,35,1947709,101,3149175,23,1097835,0,21080,69,1682875,20,622903,0,14603,32,1466300,3,474932,0,6477
2022-12-30T00:00:00.000,626,4267966,392,2320292,234,1947674,501,3149074,124,1097812,1,21080,304,1682806,87,622883,1,14603,197,1466268,37,474929,0,6477
2022-12-29T00:00:00.000,717,4267340,453,2319900,264,1947440,554,3148573,162,1097688,1,21079,330,1682502,122,622796,1,14602,224,1466071,40,474892,0,6477
2022-12-28T00:00:00.000,671,4266623,408,2319447,263,1947176,514,3148019,150,1097526,7,21078,300,1682172,102,622674,6,14601,214,1465847,48,474852,1,6477
2022-12-27T00:00:00.000,685,4265952,444,2319039,241,1946913,534,3147505,148,1097376,3,21071,336,1681872,105,622572,3,14595,198,1465633,43,474804,0,6476
2022-12-26T00:00:00.000,301,4265267,196,2318595,105,1946672,235,3146971,65,1097228,1,21068,146,1681536,49,622467,1,14592,89,1465435,16,474761,0,6476
2022-12-25T00:00:00.000,5,4264966,3,2318399,2,1946567,2,3146736,3,1097163,0,21067,0,1681390,3,622418,0,14591,2,1465346,0,474745,0,6476
2022-12-24T00:00:00.000,39,4264961,31,2318396,8,1946565,34,3146734,5,1097160,0,21067,29,1681390,2,622415,0,14591,5,1465344,3,474745,0,6476
2022-12-23T00:00:00.000,234,4264922,161,2318365,73,1946557,197,3146700,37,1097155,0,21067,131,1681361,30,622413,0,14591,66,1465339,7,474742,0,6476
2022-12-22T00:00:00.000,471,4264688,282,2318204,189,1946484,371,3146503,99,1097118,1,21067,217,1681230,65,622383,0,14591,154,1465273,34,474735,1,6476
2022-12-21T00:00:00.000,710,4264217,434,2317922,276,1946295,565,3146132,141,1097019,4,21066,333,1681013,97,622318,4,14591,232,1465119,44,474701,0,6475
2022-12-20T00:00:00.000,786,4263507,495,2317488,291,1946019,593,3145567,189,1096878,4,21062,359,1680680,132,622221,4,14587,234,1464887,57,474657,0,6475
2022-12-19T00:00:00.000,862,4262721,549,2316993,313,1945728,676,3144974,185,1096689,1,21058,423,1680321,126,622089,0,14583,253,1464653,59,474600,1,6475
2022-12-18T00:00:00.000,313,4261859,184,2316444,129,1945415,230,3144298,83,1096504,0,21057,125,1679898,59,621963,0,14583,105,1464400,24,474541,0,6474
2022-12-17T00:00:00.000,520,4261546,332,2316260,188,1945286,413,3144068,107,1096421,0,21057,255,1679773,77,621904,0,14583,158,1464295,30,474517,0,6474
2022-12-16T00:00:00.000,790,4261026,496,2315928,294,1945098,611,3143655,175,1096314,4,21057,379,1679518,113,621827,4,14583,232,1464137,62,474487,0,6474
2022-12-15T00:00:00.000,674,4260236,422,2315432,252,1944804,534,3143044,134,1096139,6,21053,328,1679139,89,621714,5,14579,206,1463905,45,474425,1,6474
2022-12-14T00:00:00.000,747,4259562,477,2315010,270,1944552,581,3142510,159,1096005,7,21047,359,1678811,111,621625,7,14574,222,1463699,48,474380,0,6473
2022-12-13T00:00:00.000,794,4258815,477,2314533,317,1944282,599,3141929,193,1095846,2,21040,346,1678452,129,621514,2,14567,253,1463477,64,474332,0,6473
2022-12-12T00:00:00.000,1033,4258021,598,2314056,435,1943965,814,3141330,217,1095653,2,21038,461,1678106,135,621385,2,14565,353,1463224,82,474268,0,6473
2022-12-11T00:00:00.000,338,4256988,213,2313458,125,1943530,262,3140516,76,1095436,0,21036,161,1677645,52,621250,0,14563,101,1462871,24,474186,0,6473
2022-12-10T00:00:00.000,419,4256650,260,2313245,159,1943405,334,3140254,85,1095360,0,21036,198,1677484,62,621198,0,14563,136,1462770,23,474162,0,6473
2022-12-09T00:00:00.000,912,4256231,530,2312985,382,1943246,690,3139920,215,1095275,7,21036,389,1677286,134,621136,7,14563,301,1462634,81,474139,0,6473
2022-12-08T00:00:00.000,865,4255319,508,2312455,357,1942864,662,3139230,199,1095060,4,21029,377,1676897,127,621002,4,14556,285,1462333,72,474058,0,6473
2022-12-07T00:00:00.000,787,4254454,485,2311947,302,1942507,602,3138568,179,1094861,6,21025,354,1676520,125,620875,6,14552,248,1462048,54,473986,0,6473
2022-12-06T00:00:00.000,942,4253667,593,2311462,349,1942205,756,3137966,181,1094682,5,21019,458,1676166,131,620750,4,14546,298,1461800,50,473932,1,6473
2022-12-05T00:00:00.000,944,4252725,597,2310869,347,1941856,718,3137210,224,1094501,2,21014,442,1675708,153,620619,2,14542,276,1461502,71,473882,0,6472
2022-12-04T00:00:00.000,322,4251781,187,2310272,135,1941509,243,3136492,79,1094277,0,21012,134,1675266,53,620466,0,14540,109,1461226,26,473811,0,6472
2022-12-03T00:00:00.000,512,4251459,320,2310085,192,1941374,381,3136249,128,1094198,3,21012,223,1675132,94,620413,3,14540,158,1461117,34,473785,0,6472
2022-12-02T00:00:00.000,1074,4250947,651,2309765,423,1941182,826,3135868,237,1094070,11,21009,476,1674909,164,620319,11,14537,350,1460959,73,473751,0,6472
2022-12-01T00:00:00.000,956,4249873,613,2309114,343,1940759,724,3135042,224,1093833,8,20998,439,1674433,166,620155,8,14526,285,1460609,58,473678,0,6472
2022-11-30T00:00:00.000,978,4248917,644,2308501,334,1940416,715,3134318,258,1093609,5,20990,453,1673994,186,619989,5,14518,262,1460324,72,473620,0,6472
2022-11-29T00:00:00.000,913,4247939,565,2307857,348,1940082,724,3133603,183,1093351,6,20985,425,1673541,134,619803,6,14513,299,1460062,49,473548,0,6472
2022-11-28T00:00:00.000,1030,4247026,651,2307292,379,1939734,796,3132879,222,1093168,12,20979,487,1673116,154,619669,10,14507,309,1459763,68,473499,2,6472
2022-11-27T00:00:00.000,318,4245996,229,2306641,89,1939355,244,3132083,74,1092946,0,20967,169,1672629,60,619515,0,14497,75,1459454,14,473431,0,6470
2022-11-26T00:00:00.000,499,4245678,335,2306412,164,1939266,384,3131839,115,1092872,0,20967,250,1672460,85,619455,0,14497,134,1459379,30,473417,0,6470
2022-11-25T00:00:00.000,501,4245179,300,2306077,201,1939102,408,3131455,93,1092757,0,20967,237,1672210,63,619370,0,14497,171,1459245,30,473387,0,6470
2022-11-24T00:00:00.000,13,4244678,9,2305777,4,1938901,7,3131047,6,1092664,0,20967,5,1671973,4,619307,0,14497,2,1459074,2,473357,0,6470
2022-11-23T00:00:00.000,791,4244665,476,2305768,315,1938897,595,3131040,194,1092658,2,20967,337,1671968,137,619303,2,14497,258,1459072,57,473355,0,6470
2022-11-22T00:00:00.000,1019,4243874,630,2305292,389,1938582,780,3130445,235,1092464,4,20965,469,1671631,157,619166,4,14495,311,1458814,78,473298,0,6470
2022-11-21T00:00:00.000,1347,4242855,898,2304662,449,1938193,1066,3129665,276,1092229,5,20961,709,1671162,184,619009,5,14491,357,1458503,92,473220,0,6470
2022-11-20T00:00:00.000,408,4241508,262,2303764,146,1937744,321,3128599,87,1091953,0,20956,210,1670453,52,618825,0,14486,111,1458146,35,473128,0,6470
2022-11-19T00:00:00.000,694,4241100,442,2303502,252,1937598,536,3128278,157,1091866,1,20956,336,1670243,105,618773,1,14486,200,1458035,52,473093,0,6470
2022-11-18T00:00:00.000,1289,4240406,855,2303060,434,1937346,930,3127742,346,1091709,13,20955,596,1669907,248,618668,11,14485,334,1457835,98,473041,2,6470
2022-11-17T00:00:00.000,1250,4239117,762,2302205,488,1936912,925,3126812,307,1091363,18,20942,530,1669311,214,618420,18,14474,395,1457501,93,472943,0,6468
2022-11-16T00:00:00.000,1137,4237867,692,2301443,445,1936424,867,3125887,262,1091056,8,20924,510,1668781,174,618206,8,14456,357,1457106,88,472850,0,6468
2022-11-15T00:00:00.000,1119,4236730,659,2300751,460,1935979,857,3125020,256,1090794,6,20916,494,1668271,159,618032,6,14448,363,1456749,97,472762,0,6468
2022-11-14T00:00:00.000,1235,4235611,777,2300092,458,1935519,892,3124163,335,1090538,8,20910,536,1667777,235,617873,6,14442,356,1456386,100,472665,2,6468
2022-11-13T00:00:00.000,386,4234376,252,2299315,134,1935061,283,3123271,103,1090203,0,20902,182,1667241,70,617638,0,14436,101,1456030,33,472565,0,6466
2022-11-12T00:00:00.000,667,4233990,426,2299063,241,1934927,506,3122988,155,1090100,6,20902,303,1667059,117,617568,6,14436,203,1455929,38,472532,0,6466
2022-11-11T00:00:00.000,1232,4233323,724,2298637,508,1934686,907,3122482,306,1089945,19,20896,492,1666756,213,617451,19,14430,415,1455726,93,472494,0,6466
2022-11-10T00:00:00.000,1270,4232091,773,2297913,497,1934178,907,3121575,356,1089639,7,20877,529,1666264,237,617238,7,14411,378,1455311,119,472401,0,6466
2022-11-09T00:00:00.000,1131,4230821,677,2297140,454,1933681,830,3120668,291,1089283,10,20870,466,1665735,201,617001,10,14404,364,1454933,90,472282,0,6466
2022-11-08T00:00:00.000,1183,4229690,748,2296463,435,1933227,866,3119838,307,1088992,10,20860,527,1665269,211,616800,10,14394,339,1454569,96,472192,0,6466
2022-11-07T00:00:00.000,1297,4228507,807,2295715,490,1932792,979,3118972,305,1088685,13,20850,584,1664742,211,616589,12,14384,395,1454230,94,472096,1,6466
2022-11-06T00:00:00.000,514,4227210,334,2294908,180,1932302,387,3117993,127,1088380,0,20837,244,1664158,90,616378,0,14372,143,1453835,37,472002,0,6465
2022-11-05T00:00:00.000,683,4226696,439,2294574,244,1932122,514,3117606,159,1088253,10,20837,319,1663914,111,616288,9,14372,195,1453692,48,471965,1,6465
2022-11-04T00:00:00.000,1414,4226013,873,2294135,541,1931878,1035,3117092,368,1088094,11,20827,611,1663595,251,616177,11,14363,424,1453497,117,471917,0,6464
2022-11-03T00:00:00.000,1213,4224599,728,2293262,485,1931337,884,3116057,314,1087726,15,20816,491,1662984,222,615926,15,14352,393,1453073,92,471800,0,6464
2022-11-02T00:00:00.000,1245,4223386,770,2292534,475,1930852,903,3115173,329,1087412,13,20801,534,1662493,224,615704,12,14337,369,1452680,105,471708,1,6464
2022-11-01T00:00:00.000,1253,4222141,735,2291764,518,1930377,927,3114270,316,1087083,10,20788,512,1661959,213,615480,10,14325,415,1452311,103,471603,0,6463
2022-10-31T00:00:00.000,1222,4220888,744,2291029,478,1929859,890,3113343,321,1086767,11,20778,521,1661447,215,615267,8,14315,369,1451896,106,471500,3,6463
2022-10-30T00:00:00.000,392,4219666,242,2290285,150,1929381,299,3112453,91,1086446,2,20767,179,1660926,62,615052,1,14307,120,1451527,29,471394,1,6460
2022-10-29T00:00:00.000,649,4219274,371,2290043,278,1929231,504,3112154,144,1086355,1,20765,279,1660747,91,614990,1,14306,225,1451407,53,471365,0,6459
2022-10-28T00:00:00.000,1391,4218625,805,2289672,586,1928953,1010,3111650,364,1086211,17,20764,535,1660468,253,614899,17,14305,475,1451182,111,471312,0,6459
2022-10-27T00:00:00.000,1307,4217234,775,2288867,532,1928367,941,3110640,360,1085847,6,20747,519,1659933,250,614646,6,14288,422,1450707,110,471201,0,6459
2022-10-26T00:00:00.000,1388,4215927,881,2288092,507,1927835,1005,3109699,346,1085487,37,20741,608,1659414,238,614396,35,14282,397,1450285,108,471091,2,6459
2022-10-25T00:00:00.000,1256,4214539,732,2287211,524,1927328,933,3108694,316,1085141,7,20704,517,1658806,208,614158,7,14247,416,1449888,108,470983,0,6457
2022-10-24T00:00:00.000,1348,4213283,805,2286479,543,1926804,962,3107761,379,1084825,7,20697,536,1658289,264,613950,5,14240,426,1449472,115,470875,2,6457
2022-10-23T00:00:00.000,405,4211935,228,2285674,177,1926261,282,3106799,122,1084446,1,20690,146,1657753,82,613686,0,14235,136,1449046,40,470760,1,6455
2022-10-22T00:00:00.000,731,4211530,433,2285446,298,1926084,547,3106517,183,1084324,1,20689,302,1657607,130,613604,1,14235,245,1448910,53,470720,0,6454
2022-10-21T00:00:00.000,1464,4210799,837,2285013,627,1925786,1131,3105970,320,1084141,13,20688,622,1657305,203,613474,12,14234,509,1448665,117,470667,1,6454
2022-10-20T00:00:00.000,1363,4209335,824,2284176,539,1925159,995,3104839,357,1083821,11,20675,582,1656683,232,613271,10,14222,413,1448156,125,470550,1,6453
2022-10-19T00:00:00.000,1468,4207972,920,2283352,548,1924620,1061,3103844,397,1083464,10,20664,639,1656101,272,613039,9,14212,422,1447743,125,470425,1,6452
2022-10-18T00:00:00.000,1459,4206504,871,2282432,588,1924072,1063,3102783,381,1083067,15,20654,594,1655462,263,612767,14,14203,469,1447321,118,470300,1,6451
2022-10-17T00:00:00.000,1422,4205045,836,2281561,586,1923484,1021,3101720,390,1082686,11,20639,574,1654868,253,612504,9,14189,447,1446852,137,470182,2,6450
2022-10-16T00:00:00.000,493,4203623,282,2280725,211,1922898,402,3100699,91,1082296,0,20628,232,1654294,50,612251,0,14180,170,1446405,41,470045,0,6448
2022-10-15T00:00:00.000,673,4203130,417,2280443,256,1922687,516,3100297,154,1082205,3,20628,309,1654062,106,612201,2,14180,207,1446235,48,470004,1,6448
2022-10-14T00:00:00.000,1490,4202457,864,2280026,626,1922431,1092,3099781,384,1082051,14,20625,584,1653753,266,612095,14,14178,508,1446028,118,469956,0,6447
2022-10-13T00:00:00.000,1424,4200967,873,2279162,551,1921805,1061,3098689,339,1081667,24,20611,613,1653169,237,611829,23,14164,448,1445520,102,469838,1,6447
2022-10-12T00:00:00.000,1473,4199543,920,2278289,553,1921254,1054,3097628,406,1081328,13,20587,615,1652556,293,611592,12,14141,439,1445072,113,469736,1,6446
2022-10-11T00:00:00.000,1462,4198070,903,2277369,559,1920701,1050,3096574,403,1080922,9,20574,630,1651941,265,611299,8,14129,420,1444633,138,469623,1,6445
2022-10-10T00:00:00.000,1427,4196608,881,2276466,546,1920142,1019,3095524,404,1080519,4,20565,584,1651311,293,611034,4,14121,435,1444213,111,469485,0,6444
2022-10-09T00:00:00.000,444,4195181,282,2275585,162,1919596,319,3094505,125,1080115,0,20561,200,1650727,82,610741,0,14117,119,1443778,43,469374,0,6444
2022-10-08T00:00:00.000,661,4194737,379,2275303,282,1919434,507,3094186,153,1079990,1,20561,272,1650527,106,610659,1,14117,235,1443659,47,469331,0,6444
2022-10-07T00:00:00.000,1504,4194076,852,2274924,652,1919152,1116,3093679,380,1079837,8,20560,600,1650255,245,610553,7,14116,516,1443424,135,469284,1,6444
2022-10-06T00:00:00.000,1406,4192572,785,2274072,621,1918500,1060,3092563,336,1079457,10,20552,568,1649655,207,610308,10,14109,492,1442908,129,469149,0,6443
2022-10-05T00:00:00.000,1355,4191166,753,2273287,602,1917879,984,3091503,352,1079121,19,20542,513,1649087,222,610101,18,14099,471,1442416,130,469020,1,6443
2022-10-04T00:00:00.000,1302,4189811,732,2272534,570,1917277,950,3090519,339,1078769,13,20523,501,1648574,219,609879,12,14081,449,1441945,120,468890,1,6442
2022-10-03T00:00:00.000,1404,4188509,808,2271802,596,1916707,1000,3089569,386,1078430,18,20510,533,1648073,260,609660,15,14069,467,1441496,126,468770,3,6441
2022-10-02T00:00:00.000,410,4187105,237,2270994,173,1916111,310,3088569,99,1078044,1,20492,172,1647540,64,609400,1,14054,138,1441029,35,468644,0,6438
2022-10-01T00:00:00.000,669,4186695,360,2270757,309,1915938,491,3088259,174,1077945,4,20491,243,1647368,113,609336,4,14053,248,1440891,61,468609,0,6438
2022-09-30T00:00:00.000,1618,4186026,900,2270397,718,1915629,1179,3087768,424,1077771,15,20487,620,1647125,265,609223,15,14049,559,1440643,159,468548,0,6438
2022-09-29T00:00:00.000,1500,4184408,887,2269497,613,1914911,1049,3086589,391,1077347,60,20472,588,1646505,244,608958,55,14034,461,1440084,147,468389,5,6438
2022-09-28T00:00:00.000,1537,4182908,866,2268610,671,1914298,1119,3085540,391,1076956,27,20412,606,1645917,235,608714,25,13979,513,1439623,156,468242,2,6433
2022-09-27T00:00:00.000,1437,4181371,829,2267744,608,1913627,1029,3084421,359,1076565,49,20385,565,1645311,219,608479,45,13954,464,1439110,140,468086,4,6431
2022-09-26T00:00:00.000,1508,4179934,896,2266915,612,1913019,1122,3083392,370,1076206,16,20336,628,1644746,252,608260,16,13909,494,1438646,118,467946,0,6427
2022-09-25T00:00:00.000,474,4178426,259,2266019,215,1912407,348,3082270,126,1075836,0,20320,176,1644118,83,608008,0,13893,172,1438152,43,467828,0,6427
2022-09-24T00:00:00.000,704,4177952,381,2265760,323,1912192,529,3081922,175,1075710,0,20320,265,1643942,116,607925,0,13893,264,1437980,59,467785,0,6427
2022-09-23T00:00:00.000,1545,4177248,819,2265379,726,1911869,1167,3081393,371,1075535,7,20320,585,1643677,227,607809,7,13893,582,1437716,144,467726,0,6427
2022-09-22T00:00:00.000,1430,4175703,758,2264560,672,1911143,1033,3080226,395,1075164,2,20313,513,1643092,243,607582,2,13886,520,1437134,152,467582,0,6427
2022-09-21T00:00:00.000,1396,4174273,778,2263802,618,1910471,1049,3079193,343,1074769,4,20311,559,1642579,215,607339,4,13884,490,1436614,128,467430,0,6427
2022-09-20T00:00:00.000,1330,4172877,752,2263024,578,1909853,998,3078144,329,1074426,3,20307,537,1642020,212,607124,3,13880,461,1436124,117,467302,0,6427
2022-09-19T00:00:00.000,1430,4171547,816,2262272,614,1909275,1066,3077146,363,1074097,1,20304,585,1641483,230,606912,1,13877,481,1435663,133,467185,0,6427
2022-09-18T00:00:00.000,430,4170117,242,2261456,188,1908661,323,3076080,107,1073734,0,20303,162,1640898,80,606682,0,13876,161,1435182,27,467052,0,6427
2022-09-17T00:00:00.000,804,4169687,377,2261214,427,1908473,624,3075757,179,1073627,1,20303,284,1640736,92,606602,1,13876,340,1435021,87,467025,0,6427
2022-09-16T00:00:00.000,1434,4168883,773,2260837,661,1908046,1100,3075133,316,1073448,18,20302,554,1640452,206,606510,13,13875,546,1434681,110,466938,5,6427
2022-09-15T00:00:00.000,1364,4167449,730,2260064,634,1907385,1063,3074033,295,1073132,6,20284,544,1639898,183,606304,3,13862,519,1434135,112,466828,3,6422
2022-09-14T00:00:00.000,1316,4166085,709,2259334,607,1906751,981,3072970,327,1072837,8,20278,499,1639354,203,606121,7,13859,482,1433616,124,466716,1,6419
2022-09-13T00:00:00.000,1176,4164769,614,2258625,562,1906144,884,3071989,286,1072510,6,20270,419,1638855,192,605918,3,13852,465,1433134,94,466592,3,6418
2022-09-12T00:00:00.000,1257,4163593,668,2258011,589,1905582,943,3071105,308,1072224,6,20264,463,1638436,200,605726,5,13849,480,1432669,108,466498,1,6415
2022-09-11T00:00:00.000,442,4162336,213,2257343,229,1904993,332,3070162,110,1071916,0,20258,138,1637973,75,605526,0,13844,194,1432189,35,466390,0,6414
2022-09-10T00:00:00.000,685,4161894,307,2257130,378,1904764,518,3069830,166,1071806,1,20258,213,1637835,93,605451,1,13844,305,1431995,73,466355,0,6414
2022-09-09T00:00:00.000,1454,4161209,688,2256823,766,1904386,1100,3069312,352,1071640,2,20257,474,1637622,213,605358,1,13843,626,1431690,139,466282,1,6414
2022-09-08T00:00:00.000,1279,4159755,626,2256135,653,1903620,961,3068212,317,1071288,1,20255,428,1637148,197,605145,1,13842,533,1431064,120,466143,0,6413
2022-09-07T00:00:00.000,1195,4158476,582,2255509,613,1902967,905,3067251,290,1070971,0,20254,404,1636720,178,604948,0,13841,501,1430531,112,466023,0,6413
2022-09-06T00:00:00.000,890,4157281,459,2254927,431,1902354,677,3066346,212,1070681,1,20254,334,1636316,125,604770,0,13841,343,1430030,87,465911,1,6413
2022-09-05T00:00:00.000,26,4156391,17,2254468,9,1901923,14,3065669,12,1070469,0,20253,7,1635982,10,604645,0,13841,7,1429687,2,465824,0,6412
2022-09-04T00:00:00.000,141,4156365,70,2254451,71,1901914,103,3065655,38,1070457,0,20253,49,1635975,21,604635,0,13841,54,1429680,17,465822,0,6412
2022-09-03T00:00:00.000,379,4156224,159,2254381,220,1901843,294,3065552,85,1070419,0,20253,117,1635926,42,604614,0,13841,177,1429626,43,465805,0,6412
2022-09-02T00:00:00.000,703,4155845,318,2254222,385,1901623,580,3065258,122,1070334,1,20253,251,1635809,66,604572,1,13841,329,1429449,56,465762,0,6412
2022-09-01T00:00:00.000,641,4155142,300,2253904,341,1901238,539,3064678,101,1070212,1,20252,247,1635558,53,604506,0,13840,292,1429120,48,465706,1,6412
2022-08-31T00:00:00.000,798,4154501,372,2253604,426,1900897,652,3064139,146,1070111,0,20251,309,1635311,63,604453,0,13840,343,1428828,83,465658,0,6411
2022-08-30T00:00:00.000,811,4153703,406,2253232,405,1900471,657,3063487,153,1069965,1,20251,315,1635002,90,604390,1,13840,342,1428485,63,465575,0,6411
2022-08-29T00:00:00.000,844,4152892,400,2252826,444,1900066,691,3062830,153,1069812,0,20250,319,1634687,81,604300,0,13839,372,1428143,72,465512,0,6411
2022-08-28T00:00:00.000,210,4152048,101,2252426,109,1899622,191,3062139,19,1069659,0,20250,87,1634368,14,604219,0,13839,104,1427771,5,465440,0,6411
2022-08-27T00:00:00.000,540,4151838,263,2252325,277,1899513,441,3061948,99,1069640,0,20250,203,1634281,60,604205,0,13839,238,1427667,39,465435,0,6411
2022-08-26T00:00:00.000,883,4151298,442,2252062,441,1899236,722,3061507,160,1069541,1,20250,360,1634078,81,604145,1,13839,362,1427429,79,465396,0,6411
2022-08-25T00:00:00.000,842,4150415,421,2251620,421,1898795,700,3060785,142,1069381,0,20249,342,1633718,79,604064,0,13838,358,1427067,63,465317,0,6411
2022-08-24T00:00:00.000,940,4149573,459,2251199,481,1898374,714,3060085,225,1069239,1,20249,338,1633376,120,603985,1,13838,376,1426709,105,465254,0,6411
2022-08-23T00:00:00.000,790,4148633,408,2250740,382,1897893,636,3059371,154,1069014,0,20248,318,1633038,90,603865,0,13837,318,1426333,64,465149,0,6411
2022-08-22T00:00:00.000,916,4147843,457,2250332,459,1897511,690,3058735,224,1068860,2,20248,341,1632720,115,603775,1,13837,349,1426015,109,465085,1,6411
2022-08-21T00:00:00.000,285,4146927,158,2249875,127,1897052,247,3058045,38,1068636,0,20246,127,1632379,31,603660,0,13836,120,1425666,7,464976,0,6410
2022-08-20T00:00:00.000,549,4146642,314,2249717,235,1896925,455,3057798,92,1068598,2,20246,252,1632252,61,603629,1,13836,203,1425546,31,464969,1,6410
2022-08-19T00:00:00.000,1068,4146093,543,2249403,525,1896690,908,3057343,160,1068506,0,20244,444,1632000,99,603568,0,13835,464,1425343,61,464938,0,6409
2022-08-18T00:00:00.000,1015,4145025,520,2248860,495,1896165,862,3056435,152,1068346,1,20244,433,1631556,86,603469,1,13835,429,1424879,66,464877,0,6409
2022-08-17T00:00:00.000,1005,4144010,564,2248340,441,1895670,860,3055573,142,1068194,3,20243,473,1631123,89,603383,2,13834,387,1424450,53,464811,1,6409
2022-08-16T00:00:00.000,931,4143005,490,2247776,441,1895229,786,3054713,145,1068052,0,20240,415,1630650,75,603294,0,13832,371,1424063,70,464758,0,6408
2022-08-15T00:00:00.000,983,4142074,494,2247286,489,1894788,848,3053927,135,1067907,0,20240,418,1630235,76,603219,0,13832,430,1423692,59,464688,0,6408
2022-08-14T00:00:00.000,433,4141091,152,2246792,281,1894299,377,3053079,56,1067772,0,20240,136,1629817,16,603143,0,13832,241,1423262,40,464629,0,6408
2022-08-13T00:00:00.000,677,4140658,292,2246640,385,1894018,563,3052702,114,1067716,0,20240,234,1629681,58,603127,0,13832,329,1423021,56,464589,0,6408
2022-08-12T00:00:00.000,1052,4139981,535,2246348,517,1893633,869,3052139,182,1067602,1,20240,417,1629447,118,603069,0,13832,452,1422692,64,464533,1,6408
2022-08-11T00:00:00.000,918,4138929,499,2245813,419,1893116,746,3051270,170,1067420,2,20239,388,1629030,109,602951,2,13832,358,1422240,61,464469,0,6407
2022-08-10T00:00:00.000,1083,4138011,533,2245314,550,1892697,869,3050524,213,1067250,1,20237,411,1628642,121,602842,1,13830,458,1421882,92,464408,0,6407
2022-08-09T00:00:00.000,1037,4136928,522,2244781,515,1892147,881,3049655,155,1067037,1,20236,446,1628231,76,602721,0,13829,435,1421424,79,464316,1,6407
2022-08-08T00:00:00.000,1073,4135891,545,2244259,528,1891632,891,3048774,180,1066882,2,20235,439,1627785,105,602645,1,13829,452,1420989,75,464237,1,6406
2022-08-07T00:00:00.000,433,4134818,164,2243714,269,1891104,352,3047883,81,1066702,0,20233,129,1627346,35,602540,0,13828,223,1420537,46,464162,0,6405
2022-08-06T00:00:00.000,831,4134385,352,2243550,479,1890835,700,3047531,131,1066621,0,20233,279,1627217,73,602505,0,13828,421,1420314,58,464116,0,6405
2022-08-05T00:00:00.000,1046,4133554,508,2243198,538,1890356,853,3046831,192,1066490,1,20233,408,1626938,99,602432,1,13828,445,1419893,93,464058,0,6405
2022-08-04T00:00:00.000,1015,4132508,544,2242690,471,1889818,815,3045978,200,1066298,0,20232,422,1626530,122,602333,0,13827,393,1419448,78,463965,0,6405
2022-08-03T00:00:00.000,1058,4131493,549,2242146,509,1889347,839,3045163,219,1066098,0,20232,420,1626108,129,602211,0,13827,419,1419055,90,463887,0,6405
2022-08-02T00:00:00.000,968,4130435,497,2241597,471,1888838,812,3044324,155,1065879,1,20232,415,1625688,81,602082,1,13827,397,1418636,74,463797,0,6405
2022-08-01T00:00:00.000,1146,4129467,625,2241100,521,1888367,962,3043512,182,1065724,2,20231,504,1625273,119,602001,2,13826,458,1418239,63,463723,0,6405
2022-07-31T00:00:00.000,304,4128321,140,2240475,164,1887846,258,3042550,46,1065542,0,20229,117,1624769,23,601882,0,13824,141,1417781,23,463660,0,6405
2022-07-30T00:00:00.000,795,4128017,356,2240335,439,1887682,670,3042292,123,1065496,2,20229,297,1624652,57,601859,2,13824,373,1417640,66,463637,0,6405
2022-07-29T00:00:00.000,1144,4127222,567,2239979,577,1887243,929,3041622,214,1065373,1,20227,454,1624355,112,601802,1,13822,475,1417267,102,463571,0,6405
2022-07-28T00:00:00.000,1067,4126078,589,2239412,478,1886666,885,3040693,181,1065159,1,20226,477,1623901,111,601690,1,13821,408,1416792,70,463469,0,6405
2022-07-27T00:00:00.000,1113,4125011,564,2238823,549,1886188,944,3039808,169,1064978,0,20225,472,1623424,92,601579,0,13820,472,1416384,77,463399,0,6405
2022-07-26T00:00:00.000,1096,4123898,560,2238259,536,1885639,901,3038864,195,1064809,0,20225,436,1622952,124,601487,0,13820,465,1415912,71,463322,0,6405
2022-07-25T00:00:00.000,1181,4122802,576,2237699,605,1885103,948,3037963,233,1064614,0,20225,448,1622516,128,601363,0,13820,500,1415447,105,463251,0,6405
2022-07-24T00:00:00.000,628,4121621,187,2237123,441,1884498,486,3037015,142,1064381,0,20225,163,1622068,24,601235,0,13820,323,1414947,118,463146,0,6405
2022-07-23T00:00:00.000,990,4120993,308,2236936,682,1884057,815,3036529,168,1064239,7,20225,250,1621905,51,601211,7,13820,565,1414624,117,463028,0,6405
2022-07-22T00:00:00.000,1225,4120003,618,2236628,607,1883375,1006,3035714,217,1064071,2,20218,489,1621655,127,601160,2,13813,517,1414059,90,462911,0,6405
2022-07-21T00:00:00.000,1033,4118778,592,2236010,441,1882768,833,3034708,199,1063854,1,20216,471,1621166,121,601033,0,13811,362,1413542,78,462821,1,6405
2022-07-20T00:00:00.000,1083,4117745,624,2235418,459,1882327,881,3033875,201,1063655,1,20215,497,1620695,126,600912,1,13811,384,1413180,75,462743,0,6404
2022-07-19T00:00:00.000,1042,4116662,662,2234794,380,1881868,850,3032994,192,1063454,0,20214,527,1620198,135,600786,0,13810,323,1412796,57,462668,0,6404
2022-07-18T00:00:00.000,1135,4115620,695,2234132,440,1881488,953,3032144,182,1063262,0,20214,577,1619671,118,600651,0,13810,376,1412473,64,462611,0,6404
2022-07-17T00:00:00.000,537,4114485,363,2233437,174,1881048,433,3031191,104,1063080,0,20214,284,1619094,79,600533,0,13810,149,1412097,25,462547,0,6404
2022-07-16T00:00:00.000,729,4113948,445,2233074,284,1880874,625,3030758,103,1062976,1,20214,365,1618810,79,600454,1,13810,260,1411948,24,462522,0,6404
2022-07-15T00:00:00.000,1281,4113219,803,2232629,478,1880590,1034,3030133,244,1062873,3,20213,625,1618445,175,600375,3,13809,409,1411688,69,462498,0,6404
2022-07-14T00:00:00.000,1030,4111938,657,2231826,373,1880112,852,3029099,176,1062629,2,20210,539,1617820,116,600200,2,13806,313,1411279,60,462429,0,6404
2022-07-13T00:00:00.000,1176,4110908,787,2231169,389,1879739,932,3028247,244,1062453,0,20208,614,1617281,173,600084,0,13804,318,1410966,71,462369,0,6404
2022-07-12T00:00:00.000,1113,4109732,777,2230382,336,1879350,924,3027315,187,1062209,2,20208,644,1616667,132,599911,1,13804,280,1410648,55,462298,1,6404
2022-07-11T00:00:00.000,976,4108619,754,2229605,222,1879014,808,3026391,165,1062022,3,20206,614,1616023,139,599779,1,13803,194,1410368,26,462243,2,6403
2022-07-10T00:00:00.000,429,4107643,364,2228851,65,1878792,348,3025583,81,1061857,0,20203,290,1615409,74,599640,0,13802,58,1410174,7,462217,0,6401
2022-07-09T00:00:00.000,740,4107214,607,2228487,133,1878727,626,3025235,114,1061776,0,20203,503,1615119,104,599566,0,13802,123,1410116,10,462210,0,6401
2022-07-08T00:00:00.000,977,4106474,724,2227880,253,1878594,817,3024609,159,1061662,1,20203,598,1614616,125,599462,1,13802,219,1409993,34,462200,0,6401
2022-07-07T00:00:00.000,1021,4105497,776,2227156,245,1878341,837,3023792,184,1061503,0,20202,651,1614018,125,599337,0,13801,186,1409774,59,462166,0,6401
2022-07-06T00:00:00.000,1064,4104476,811,2226380,253,1878096,841,3022955,222,1061319,1,20202,646,1613367,165,599212,0,13801,195,1409588,57,462107,1,6401
2022-07-05T00:00:00.000,1020,4103412,732,2225569,288,1877843,807,3022114,212,1061097,1,20201,584,1612721,148,599047,0,13801,223,1409393,64,462050,1,6400
2022-07-04T00:00:00.000,19,4102392,14,2224837,5,1877555,14,3021307,5,1060885,0,20200,11,1612137,3,598899,0,13801,3,1409170,2,461986,0,6399
2022-07-03T00:00:00.000,241,4102373,182,2224823,59,1877550,202,3021293,39,1060880,0,20200,152,1612126,30,598896,0,13801,50,1409167,9,461984,0,6399
2022-07-02T00:00:00.000,628,4102132,488,2224641,140,1877491,513,3021091,115,1060841,0,20200,403,1611974,85,598866,0,13801,110,1409117,30,461975,0,6399
2022-07-01T00:00:00.000,938,4101504,717,2224153,221,1877351,750,3020578,187,1060726,1,20200,566,1611571,150,598781,1,13801,184,1409007,37,461945,0,6399
2022-06-30T00:00:00.000,973,4100566,748,2223436,225,1877130,775,3019828,197,1060539,1,20199,609,1611005,138,598631,1,13800,166,1408823,59,461908,0,6399
2022-06-29T00:00:00.000,916,4099593,716,2222688,200,1876905,739,3019053,177,1060342,0,20198,579,1610396,137,598493,0,13799,160,1408657,40,461849,0,6399
2022-06-28T00:00:00.000,947,4098677,730,2221972,217,1876705,791,3018314,155,1060165,1,20198,600,1609817,129,598356,1,13799,191,1408497,26,461809,0,6399
2022-06-27T00:00:00.000,1142,4097730,905,2221242,237,1876488,946,3017523,196,1060010,0,20197,750,1609217,155,598227,0,13798,196,1408306,41,461783,0,6399
2022-06-26T00:00:00.000,695,4096588,623,2220337,72,1876251,517,3016577,170,1059814,8,20197,454,1608467,161,598072,8,13798,63,1408110,9,461742,0,6399
2022-06-25T00:00:00.000,1123,4095893,994,2219714,129,1876179,894,3016060,228,1059644,1,20189,782,1608013,211,597911,1,13790,112,1408047,17,461733,0,6399
2022-06-24T00:00:00.000,958,4094770,751,2218720,207,1876050,787,3015166,170,1059416,1,20188,604,1607231,146,597700,1,13789,183,1407935,24,461716,0,6399
2022-06-23T00:00:00.000,843,4093812,644,2217969,199,1875843,685,3014379,158,1059246,0,20187,520,1606627,124,597554,0,13788,165,1407752,34,461692,0,6399
2022-06-22T00:00:00.000,786,4092969,582,2217325,204,1875644,632,3013694,152,1059088,2,20187,459,1606107,122,597430,1,13788,173,1407587,30,461658,1,6399
2022-06-21T00:00:00.000,612,4092183,363,2216743,249,1875440,454,3013062,157,1058936,1,20185,257,1605648,106,597308,0,13787,197,1407414,51,461628,1,6398
2022-06-20T00:00:00.000,435,4091571,224,2216380,211,1875191,334,3012608,100,1058779,1,20184,164,1605391,60,597202,0,13787,170,1407217,40,461577,1,6397
2022-06-19T00:00:00.000,142,4091136,75,2216156,67,1874980,117,3012274,20,1058679,5,20183,55,1605227,15,597142,5,13787,62,1407047,5,461537,0,6396
2022-06-18T00:00:00.000,272,4090994,133,2216081,139,1874913,219,3012157,52,1058659,1,20178,101,1605172,32,597127,0,13782,118,1406985,20,461532,1,6396
2022-06-17T00:00:00.000,470,4090722,252,2215948,218,1874774,372,3011938,97,1058607,1,20177,192,1605071,60,597095,0,13782,180,1406867,37,461512,1,6395
2022-06-16T00:00:00.000,514,4090252,267,2215696,247,1874556,385,3011566,129,1058510,0,20176,209,1604879,58,597035,0,13782,176,1406687,71,461475,0,6394
2022-06-15T00:00:00.000,462,4089738,252,2215429,210,1874309,348,3011181,114,1058381,0,20176,183,1604670,69,596977,0,13782,165,1406511,45,461404,0,6394
2022-06-14T00:00:00.000,577,4089276,300,2215177,277,1874099,436,3010833,138,1058267,3,20176,211,1604487,88,596908,1,13782,225,1406346,50,461359,2,6394
2022-06-13T00:00:00.000,550,4088699,277,2214877,273,1873822,416,3010397,131,1058129,3,20173,198,1604276,76,596820,3,13781,218,1406121,55,461309,0,6392
2022-06-12T00:00:00.000,199,4088149,111,2214600,88,1873549,167,3009981,32,1057998,0,20170,87,1604078,24,596744,0,13778,80,1405903,8,461254,0,6392
2022-06-11T00:00:00.000,337,4087950,176,2214489,161,1873461,269,3009814,68,1057966,0,20170,142,1603991,34,596720,0,13778,127,1405823,34,461246,0,6392
2022-06-10T00:00:00.000,597,4087613,325,2214313,272,1873300,460,3009545,136,1057898,1,20170,232,1603849,92,596686,1,13778,228,1405696,44,461212,0,6392
2022-06-09T00:00:00.000,526,4087016,255,2213988,271,1873028,396,3009085,128,1057762,2,20169,181,1603617,72,596594,2,13777,215,1405468,56,461168,0,6392
2022-06-08T00:00:00.000,553,4086490,299,2213733,254,1872757,417,3008689,136,1057634,0,20167,216,1603436,83,596522,0,13775,201,1405253,53,461112,0,6392
2022-06-07T00:00:00.000,612,4085937,294,2213434,318,1872503,468,3008272,142,1057498,2,20167,216,1603220,77,596439,1,13775,252,1405052,65,461059,1,6392
2022-06-06T00:00:00.000,627,4085325,351,2213140,276,1872185,481,3007804,146,1057356,0,20165,263,1603004,88,596362,0,13774,218,1404800,58,460994,0,6391
2022-06-05T00:00:00.000,215,4084698,120,2212789,95,1871909,167,3007323,48,1057210,0,20165,89,1602741,31,596274,0,13774,78,1404582,17,460936,0,6391
2022-06-04T00:00:00.000,366,4084483,190,2212669,176,1871814,293,3007156,73,1057162,0,20165,143,1602652,47,596243,0,13774,150,1404504,26,460919,0,6391
2022-06-03T00:00:00.000,591,4084117,322,2212479,269,1871638,469,3006863,121,1057089,1,20165,252,1602509,69,596196,1,13774,217,1404354,52,460893,0,6391
2022-06-02T00:00:00.000,495,4083526,266,2212157,229,1871369,388,3006394,106,1056968,1,20164,204,1602257,61,596127,1,13773,184,1404137,45,460841,0,6391
2022-06-01T00:00:00.000,591,4083031,300,2211891,291,1871140,441,3006006,147,1056862,3,20163,220,1602053,78,596066,2,13772,221,1403953,69,460796,1,6391
2022-05-31T00:00:00.000,711,4082440,361,2211591,350,1870849,542,3005565,168,1056715,1,20160,259,1601833,101,595988,1,13770,283,1403732,67,460727,0,6390
2022-05-30T00:00:00.000,46,4081729,22,2211230,24,1870499,30,3005023,16,1056547,0,20159,15,1601574,7,595887,0,13769,15,1403449,9,460660,0,6390
2022-05-29T00:00:00.000,233,4081683,135,2211208,98,1870475,177,3004993,56,1056531,0,20159,94,1601559,41,595880,0,13769,83,1403434,15,460651,0,6390
2022-05-28T00:00:00.000,356,4081450,194,2211073,162,1870377,318,3004816,38,1056475,0,20159,169,1601465,25,595839,0,13769,149,1403351,13,460636,0,6390
2022-05-27T00:00:00.000,671,4081094,338,2210879,333,1870215,516,3004498,153,1056437,2,20159,252,1601296,86,595814,0,13769,264,1403202,67,460623,2,6390
2022-05-26T00:00:00.000,612,4080423,338,2210541,274,1869882,492,3003982,120,1056284,0,20157,265,1601044,73,595728,0,13769,227,1402938,47,460556,0,6388
2022-05-25T00:00:00.000,625,4079811,303,2210203,322,1869608,496,3003490,123,1056164,6,20157,232,1600779,67,595655,4,13769,264,1402711,56,460509,2,6388
2022-05-24T00:00:00.000,667,4079186,334,2209900,333,1869286,539,3002994,127,1056041,1,20151,259,1600547,75,595588,0,13765,280,1402447,52,460453,1,6386
2022-05-23T00:00:00.000,686,4078519,348,2209566,338,1868953,545,3002455,139,1055914,2,20150,250,1600288,96,595513,2,13765,295,1402167,43,460401,0,6385
2022-05-22T00:00:00.000,249,4077833,139,2209218,110,1868615,200,3001910,49,1055775,0,20148,103,1600038,36,595417,0,13763,97,1401872,13,460358,0,6385
2022-05-21T00:00:00.000,495,4077584,268,2209079,227,1868505,412,3001710,82,1055726,1,20148,217,1599935,50,595381,1,13763,195,1401775,32,460345,0,6385
2022-05-20T00:00:00.000,755,4077089,412,2208811,343,1868278,605,3001298,149,1055644,1,20147,312,1599718,100,595331,0,13762,293,1401580,49,460313,1,6385
2022-05-19T00:00:00.000,634,4076334,361,2208399,273,1867935,497,3000693,136,1055495,1,20146,260,1599406,100,595231,1,13762,237,1401287,36,460264,0,6384
2022-05-18T00:00:00.000,644,4075700,339,2208038,305,1867662,506,3000196,138,1055359,0,20145,266,1599146,73,595131,0,13761,240,1401050,65,460228,0,6384
2022-05-17T00:00:00.000,737,4075056,382,2207699,355,1867357,585,2999690,151,1055221,1,20145,299,1598880,82,595058,1,13761,286,1400810,69,460163,0,6384
2022-05-16T00:00:00.000,685,4074319,354,2207317,331,1867002,537,2999105,144,1055070,4,20144,264,1598581,88,594976,2,13760,273,1400524,56,460094,2,6384
2022-05-15T00:00:00.000,269,4073634,141,2206963,128,1866671,227,2998568,41,1054926,1,20140,111,1598317,30,594888,0,13758,116,1400251,11,460038,1,6382
2022-05-14T00:00:00.000,470,4073365,263,2206822,207,1866543,393,2998341,77,1054885,0,20139,209,1598206,54,594858,0,13758,184,1400135,23,460027,0,6381
2022-05-13T00:00:00.000,654,4072895,372,2206559,282,1866336,527,2997948,124,1054808,3,20139,282,1597997,89,594804,1,13758,245,1399951,35,460004,2,6381
2022-05-12T00:00:00.000,626,4072241,306,2206187,320,1866054,508,2997421,117,1054684,1,20136,237,1597715,68,594715,1,13757,271,1399706,49,459969,0,6379
2022-05-11T00:00:00.000,623,4071615,322,2205881,301,1865734,457,2996913,164,1054567,2,20135,213,1597478,108,594647,1,13756,244,1399435,56,459920,1,6379
2022-05-10T00:00:00.000,652,4070992,357,2205559,295,1865433,530,2996456,120,1054403,2,20133,281,1597265,75,594539,1,13755,249,1399191,45,459864,1,6378
2022-05-09T00:00:00.000,670,4070340,355,2205202,315,1865138,510,2995926,160,1054283,0,20131,267,1596984,88,594464,0,13754,243,1398942,72,459819,0,6377
2022-05-08T00:00:00.000,163,4069670,85,2204847,78,1864823,137,2995416,26,1054123,0,20131,69,1596717,16,594376,0,13754,68,1398699,10,459747,0,6377
2022-05-07T00:00:00.000,359,4069507,176,2204762,183,1864745,302,2995279,57,1054097,0,20131,140,1596648,36,594360,0,13754,162,1398631,21,459737,0,6377
2022-05-06T00:00:00.000,636,4069148,309,2204586,327,1864562,493,2994977,138,1054040,5,20131,237,1596508,68,594324,4,13754,256,1398469,70,459716,1,6377
2022-05-05T00:00:00.000,613,4068512,281,2204277,332,1864235,475,2994484,136,1053902,2,20126,197,1596271,83,594256,1,13750,278,1398213,53,459646,1,6376
2022-05-04T00:00:00.000,629,4067899,330,2203996,299,1863903,477,2994009,141,1053766,11,20124,239,1596074,80,594173,11,13749,238,1397935,61,459593,0,6375
2022-05-03T00:00:00.000,562,4067270,286,2203666,276,1863604,437,2993532,116,1053625,9,20113,205,1595835,74,594093,7,13738,232,1397697,42,459532,2,6375
2022-05-02T00:00:00.000,609,4066708,287,2203380,322,1863328,476,2993095,132,1053509,1,20104,214,1595630,72,594019,1,13731,262,1397465,60,459490,0,6373
2022-05-01T00:00:00.000,252,4066099,118,2203093,134,1863006,200,2992619,52,1053377,0,20103,87,1595416,31,593947,0,13730,113,1397203,21,459430,0,6373
2022-04-30T00:00:00.000,459,4065847,228,2202975,231,1862872,356,2992419,103,1053325,0,20103,173,1595329,55,593916,0,13730,183,1397090,48,459409,0,6373
2022-04-29T00:00:00.000,723,4065388,350,2202747,373,1862641,596,2992063,125,1053222,2,20103,278,1595156,70,593861,2,13730,318,1396907,55,459361,0,6373
2022-04-28T00:00:00.000,613,4064665,303,2202397,310,1862268,457,2991467,154,1053097,2,20101,219,1594878,83,593791,1,13728,238,1396589,71,459306,1,6373
2022-04-27T00:00:00.000,663,4064052,342,2202094,321,1861958,510,2991010,150,1052943,3,20099,256,1594659,86,593708,0,13727,254,1396351,64,459235,3,6372
2022-04-26T00:00:00.000,650,4063389,310,2201752,340,1861637,504,2990500,135,1052793,11,20096,226,1594403,81,593622,3,13727,278,1396097,54,459171,8,6369
2022-04-25T00:00:00.000,651,4062739,299,2201442,352,1861297,496,2989996,150,1052658,5,20085,221,1594177,74,593541,4,13724,275,1395819,76,459117,1,6361
2022-04-24T00:00:00.000,292,4062088,143,2201143,149,1860945,245,2989500,47,1052508,0,20080,113,1593956,30,593467,0,13720,132,1395544,17,459041,0,6360
2022-04-23T00:00:00.000,452,4061796,230,2201000,222,1860796,360,2989255,92,1052461,0,20080,162,1593843,68,593437,0,13720,198,1395412,24,459024,0,6360
2022-04-22T00:00:00.000,611,4061344,274,2200770,337,1860574,493,2988895,114,1052369,4,20080,213,1593681,58,593369,3,13720,280,1395214,56,459000,1,6360
2022-04-21T00:00:00.000,663,4060733,327,2200496,336,1860237,519,2988402,142,1052255,2,20076,245,1593468,81,593311,1,13717,274,1394934,61,458944,1,6359
2022-04-20T00:00:00.000,701,4060070,358,2200169,343,1859901,559,2987883,138,1052113,4,20074,276,1593223,79,593230,3,13716,283,1394660,59,458883,1,6358
2022-04-19T00:00:00.000,706,4059369,316,2199811,390,1859558,544,2987324,160,1051975,2,20070,232,1592947,82,593151,2,13713,312,1394377,78,458824,0,6357
2022-04-18T00:00:00.000,813,4058663,407,2199495,406,1859168,634,2986780,176,1051815,3,20068,299,1592715,106,593069,2,13711,335,1394065,70,458746,1,6357
2022-04-17T00:00:00.000,182,4057850,116,2199088,66,1858762,144,2986146,38,1051639,0,20065,84,1592416,32,592963,0,13709,60,1393730,6,458676,0,6356
2022-04-16T00:00:00.000,550,4057668,296,2198972,254,1858696,428,2986002,118,1051601,4,20065,219,1592332,73,592931,4,13709,209,1393670,45,458670,0,6356
2022-04-15T00:00:00.000,789,4057118,411,2198676,378,1858442,634,2985574,153,1051483,2,20061,315,1592113,94,592858,2,13705,319,1393461,59,458625,0,6356
2022-04-14T00:00:00.000,718,4056329,397,2198265,321,1858064,557,2984940,159,1051330,2,20059,300,1591798,97,592764,0,13703,257,1393142,62,458566,2,6356
2022-04-13T00:00:00.000,695,4055611,350,2197868,345,1857743,559,2984383,135,1051171,1,20057,264,1591498,86,592667,0,13703,295,1392885,49,458504,1,6354
2022-04-12T00:00:00.000,758,4054916,359,2197518,399,1857398,593,2983824,160,1051036,5,20056,260,1591234,96,592581,3,13703,333,1392590,64,458455,2,6353
2022-04-11T00:00:00.000,869,4054158,422,2197159,447,1856999,664,2983231,203,1050876,2,20051,307,1590974,113,592485,2,13700,357,1392257,90,458391,0,6351
2022-04-10T00:00:00.000,347,4053289,154,2196737,193,1856552,277,2982567,69,1050673,1,20049,115,1590667,39,592372,0,13698,162,1391900,30,458301,1,6351
2022-04-09T00:00:00.000,522,4052942,237,2196583,285,1856359,419,2982290,101,1050604,2,20048,178,1590552,57,592333,2,13698,241,1391738,44,458271,0,6350
2022-04-08T00:00:00.000,843,4052420,379,2196346,464,1856074,672,2981871,164,1050503,7,20046,293,1590374,84,592276,2,13696,379,1391497,80,458227,5,6350
2022-04-07T00:00:00.000,836,4051577,411,2195967,425,1855610,645,2981199,184,1050339,7,20039,288,1590081,117,592192,6,13694,357,1391118,67,458147,1,6345
2022-04-06T00:00:00.000,804,4050741,368,2195556,436,1855185,635,2980554,167,1050155,2,20032,267,1589793,100,592075,1,13688,368,1390761,67,458080,1,6344
2022-04-05T00:00:00.000,821,4049937,362,2195188,459,1854749,642,2979919,173,1049988,6,20030,278,1589526,83,591975,1,13687,364,1390393,90,458013,5,6343
2022-04-04T00:00:00.000,836,4049116,375,2194826,461,1854290,670,2979277,163,1049815,3,20024,280,1589248,94,591892,1,13686,390,1390029,69,457923,2,6338
2022-04-03T00:00:00.000,408,4048280,192,2194451,216,1853829,316,2978607,92,1049652,0,20021,142,1588968,50,591798,0,13685,174,1389639,42,457854,0,6336
2022-04-02T00:00:00.000,601,4047872,224,2194259,377,1853613,488,2978291,108,1049560,5,20021,173,1588826,49,591748,2,13685,315,1389465,59,457812,3,6336
2022-04-01T00:00:00.000,1095,4047271,533,2194035,562,1853236,837,2977803,255,1049452,3,20016,393,1588653,138,591699,2,13683,444,1389150,117,457753,1,6333
2022-03-31T00:00:00.000,912,4046176,395,2193502,517,1852674,697,2976966,210,1049197,5,20013,276,1588260,117,591561,2,13681,421,1388706,93,457636,3,6332
2022-03-30T00:00:00.000,915,4045264,382,2193107,533,1852157,743,2976269,171,1048987,1,20008,298,1587984,83,591444,1,13679,445,1388285,88,457543,0,6329
2022-03-29T00:00:00.000,779,4044349,351,2192725,428,1851624,605,2975526,168,1048816,6,20007,273,1587686,74,591361,4,13678,332,1387840,94,457455,2,6329
2022-03-28T00:00:00.000,834,4043570,380,2192374,454,1851196,672,2974921,159,1048648,3,20001,306,1587413,73,591287,1,13674,366,1387508,86,457361,2,6327
2022-03-27T00:00:00.000,312,4042736,140,2191994,172,1850742,249,2974249,63,1048489,0,19998,109,1587107,31,591214,0,13673,140,1387142,32,457275,0,6325
2022-03-26T00:00:00.000,737,4042424,293,2191854,444,1850570,554,2974000,183,1048426,0,19998,212,1586998,81,591183,0,13673,342,1387002,102,457243,0,6325
2022-03-25T00:00:00.000,936,4041687,395,2191561,541,1850126,773,2973446,160,1048243,3,19998,300,1586786,94,591102,1,13673,473,1386660,66,457141,2,6325
2022-03-24T00:00:00.000,811,4040751,384,2191166,427,1849585,667,2972673,138,1048083,6,19995,300,1586486,81,591008,3,13672,367,1386187,57,457075,3,6323
2022-03-23T00:00:00.000,837,4039940,369,2190782,468,1849158,663,2972006,169,1047945,5,19989,278,1586186,88,590927,3,13669,385,1385820,81,457018,2,6320
2022-03-22T00:00:00.000,870,4039103,363,2190413,507,1848690,665,2971343,201,1047776,4,19984,280,1585908,80,590839,3,13666,385,1385435,121,456937,1,6318
2022-03-21T00:00:00.000,954,4038233,442,2190050,512,1848183,784,2970678,167,1047575,3,19980,345,1585628,95,590759,2,13663,439,1385050,72,456816,1,6317
2022-03-20T00:00:00.000,439,4037279,219,2189608,220,1847671,359,2969894,79,1047408,1,19977,166,1585283,53,590664,0,13661,193,1384611,26,456744,1,6316
2022-03-19T00:00:00.000,827,4036840,348,2189389,479,1847451,652,2969535,172,1047329,3,19976,259,1585117,86,590611,3,13661,393,1384418,86,456718,0,6315
2022-03-18T00:00:00.000,1121,4036013,518,2189041,603,1846972,920,2968883,199,1047157,2,19973,415,1584858,101,590525,2,13658,505,1384025,98,456632,0,6315
2022-03-17T00:00:00.000,1048,4034892,474,2188523,574,1846369,880,2967963,158,1046958,10,19971,379,1584443,90,590424,5,13656,501,1383520,68,456534,5,6315
2022-03-16T00:00:00.000,1172,4033844,473,2188049,699,1845795,959,2967083,205,1046800,8,19961,381,1584064,87,590334,5,13651,578,1383019,118,456466,3,6310
2022-03-15T00:00:00.000,1071,4032672,472,2187576,599,1845096,886,2966124,172,1046595,13,19953,368,1583683,94,590247,10,13646,518,1382441,78,456348,3,6307
2022-03-14T00:00:00.000,1123,4031601,501,2187104,622,1844497,924,2965238,194,1046423,5,19940,386,1583315,113,590153,2,13636,538,1381923,81,456270,3,6304
2022-03-13T00:00:00.000,608,4030478,314,2186603,294,1843875,476,2964314,128,1046229,4,19935,238,1582929,72,590040,4,13634,238,1381385,56,456189,0,6301
2022-03-12T00:00:00.000,1038,4029870,406,2186289,632,1843581,849,2963838,185,1046101,4,19931,335,1582691,67,589968,4,13630,514,1381147,118,456133,0,6301
2022-03-11T00:00:00.000,1383,4028832,569,2185883,814,1842949,1172,2962989,207,1045916,4,19927,471,1582356,97,589901,1,13626,701,1380633,110,456015,3,6301
2022-03-10T00:00:00.000,1288,4027449,498,2185314,790,1842135,1077,2961817,206,1045709,5,19923,397,1581885,98,589804,3,13625,680,1379932,108,455905,2,6298
2022-03-09T00:00:00.000,1315,4026161,479,2184816,836,1841345,1121,2960740,190,1045503,4,19918,392,1581488,83,589706,4,13622,729,1379252,107,455797,0,6296
2022-03-08T00:00:00.000,1376,4024846,551,2184337,825,1840509,1109,2959619,259,1045313,8,19914,426,1581096,121,589623,4,13618,683,1378523,138,455690,4,6296
2022-03-07T00:00:00.000,1187,4023470,485,2183786,702,1839684,998,2958510,186,1045054,3,19906,397,1580670,86,589502,2,13614,601,1377840,100,455552,1,6292
2022-03-06T00:00:00.000,555,4022283,194,2183301,361,1838982,491,2957512,64,1044868,0,19903,159,1580273,35,589416,0,13612,332,1377239,29,455452,0,6291
2022-03-05T00:00:00.000,1352,4021728,505,2183107,847,1838621,1093,2957021,256,1044804,3,19903,396,1580114,108,589381,1,13612,697,1376907,148,455423,2,6291
2022-03-04T00:00:00.000,1819,4020376,705,2182602,1114,1837774,1471,2955928,339,1044548,9,19900,543,1579718,160,589273,2,13611,928,1376210,179,455275,7,6289
2022-03-03T00:00:00.000,1577,4018557,532,2181897,1045,1836660,1273,2954457,292,1044209,12,19891,408,1579175,115,589113,9,13609,865,1375282,177,455096,3,6282
2022-03-02T00:00:00.000,1725,4016980,611,2181365,1114,1835615,1420,2953184,294,1043917,11,19879,480,1578767,125,588998,6,13600,940,1374417,169,454919,5,6279
2022-03-01T00:00:00.000,1804,4015255,640,2180754,1164,1834501,1518,2951764,279,1043623,7,19868,528,1578287,111,588873,1,13594,990,1373477,168,454750,6,6274
2022-02-28T00:00:00.000,2012,4013451,682,2180114,1330,1833337,1681,2950246,324,1043344,7,19861,542,1577759,139,588762,1,13593,1139,1372487,185,454582,6,6268
2022-02-27T00:00:00.000,1089,4011439,460,2179432,629,1832007,857,2948565,230,1043020,2,19854,333,1577217,125,588623,2,13592,524,1371348,105,454397,0,6262
2022-02-26T00:00:00.000,2071,4010350,741,2178972,1330,1831378,1569,2947708,497,1042790,5,19852,516,1576884,224,588498,1,13590,1053,1370824,273,454292,4,6262
2022-02-25T00:00:00.000,2495,4008279,903,2178231,1592,1830048,2075,2946139,411,1042293,9,19847,720,1576368,180,588274,3,13589,1355,1369771,231,454019,6,6258
2022-02-24T00:00:00.000,2212,4005784,893,2177328,1319,1828456,1883,2944064,320,1041882,9,19838,731,1575648,157,588094,5,13586,1152,1368416,163,453788,4,6252
2022-02-23T00:00:00.000,2311,4003572,983,2176435,1328,1827137,1927,2942181,373,1041562,11,19829,814,1574917,166,587937,3,13581,1113,1367264,207,453625,8,6248
2022-02-22T00:00:00.000,2795,4001261,927,2175452,1868,1825809,2336,2940254,451,1041189,8,19818,729,1574103,196,587771,2,13578,1607,1366151,255,453418,6,6240
2022-02-21T00:00:00.000,2667,3998466,981,2174525,1686,1823941,2168,2937918,486,1040738,13,19810,776,1573374,202,587575,3,13576,1392,1364544,284,453163,10,6234
2022-02-20T00:00:00.000,1376,3995799,524,2173544,852,1822255,1141,2935750,234,1040252,1,19797,417,1572598,106,587373,1,13573,724,1363152,128,452879,0,6224
2022-02-19T00:00:00.000,2934,3994423,1119,2173020,1815,1821403,2276,2934609,652,1040018,6,19796,861,1572181,253,587267,5,13572,1415,1362428,399,452751,1,6224
2022-02-18T00:00:00.000,3533,3991489,1306,2171901,2227,1819588,2936,2932333,581,1039366,16,19790,1019,1571320,278,587014,9,13567,1917,1361013,303,452352,7,6223
2022-02-17T00:00:00.000,2967,3987956,1037,2170595,1930,1817361,2536,2929397,414,1038785,17,19774,864,1570301,168,586736,5,13558,1672,1359096,246,452049,12,6216
2022-02-16T00:00:00.000,3412,3984989,1261,2169558,2151,1815431,2914,2926861,487,1038371,11,19757,1062,1569437,198,586568,1,13553,1852,1357424,289,451803,10,6204
2022-02-15T00:00:00.000,3418,3981577,1185,2168297,2233,1813280,2841,2923947,559,1037884,18,19746,935,1568375,242,586370,8,13552,1906,1355572,317,451514,10,6194
2022-02-14T00:00:00.000,2903,3978159,1045,2167112,1858,1811047,2501,2921106,392,1037325,10,19728,882,1567440,159,586128,4,13544,1619,1353666,233,451197,6,6184
2022-02-13T00:00:00.000,1451,3975256,592,2166067,859,1809189,1280,2918605,171,1036933,0,19718,511,1566558,81,585969,0,13540,769,1352047,90,450964,0,6178
2022-02-12T00:00:00.000,3530,3973805,1319,2165475,2211,1808330,2948,2917325,573,1036762,9,19718,1048,1566047,265,585888,6,13540,1900,1351278,308,450874,3,6178
2022-02-11T00:00:00.000,4482,3970275,1676,2164156,2806,1806119,3681,2914377,783,1036189,18,19709,1327,1564999,338,585623,11,13534,2354,1349378,445,450566,7,6175
2022-02-10T00:00:00.000,4649,3965793,1841,2162480,2808,1803313,3687,2910696,937,1035406,25,19691,1391,1563672,438,585285,12,13523,2296,1347024,499,450121,13,6168
2022-02-09T00:00:00.000,5170,3961144,2000,2160639,3170,1800505,4228,2907009,919,1034469,23,19666,1599,1562281,388,584847,13,13511,2629,1344728,531,449622,10,6155
2022-02-08T00:00:00.000,4452,3955974,1779,2158639,2673,1797335,3777,2902781,653,1033550,22,19643,1451,1560682,315,584459,13,13498,2326,1342099,338,449091,9,6145
2022-02-07T00:00:00.000,4245,3951522,1901,2156860,2344,1794662,3465,2899004,758,1032897,22,19621,1563,1559231,323,584144,15,13485,1902,1339773,435,448753,7,6136
2022-02-06T00:00:00.000,1999,3947277,974,2154959,1025,1792318,1683,2895539,309,1032139,7,19599,788,1557668,181,583821,5,13470,895,1337871,128,448318,2,6129
2022-02-05T00:00:00.000,4103,3945278,1678,2153985,2425,1791293,3325,2893856,759,1031830,19,19592,1304,1556880,362,583640,12,13465,2021,1336976,397,448190,7,6127
2022-02-04T00:00:00.000,5599,3941175,2214,2152307,3385,1788868,4703,2890531,872,1031071,24,19573,1819,1555576,379,583278,16,13453,2884,1334955,493,447793,8,6120
2022-02-03T00:00:00.000,3896,3935576,1585,2150093,2311,1785483,3385,2885828,496,1030199,15,19549,1366,1553757,217,582899,2,13437,2019,1332071,279,447300,13,6112
2022-02-02T00:00:00.000,2649,3931680,1096,2148508,1553,1783172,2243,2882443,396,1029703,10,19534,891,1552391,201,582682,4,13435,1352,1330052,195,447021,6,6099
2022-02-01T00:00:00.000,5026,3929031,2276,2147412,2750,1781619,4238,2880200,768,1029307,20,19524,1902,1551500,362,582481,12,13431,2336,1328700,406,446826,8,6093
2022-01-31T00:00:00.000,5483,3924005,2504,2145136,2979,1778869,4443,2875962,1010,1028539,30,19504,2002,1549598,481,582119,21,13419,2441,1326364,529,446420,9,6085
2022-01-30T00:00:00.000,2170,3918522,1165,2142632,1005,1775890,1763,2871519,395,1027529,12,19474,915,1547596,247,581638,3,13398,848,1323923,148,445891,9,6076
2022-01-29T00:00:00.000,3884,3916352,2074,2141467,1810,1774885,3005,2869756,872,1027134,7,19462,1562,1546681,507,581391,5,13395,1443,1323075,365,445743,2,6067
2022-01-28T00:00:00.000,6189,3912468,2996,2139393,3193,1773075,5112,2866751,1032,1026262,45,19455,2452,1545119,511,580884,33,13390,2660,1321632,521,445378,12,6065
2022-01-27T00:00:00.000,5647,3906279,2801,2136397,2846,1769882,4807,2861639,822,1025230,18,19410,2344,1542667,443,580373,14,13357,2463,1318972,379,444857,4,6053
2022-01-26T00:00:00.000,5558,3900632,2718,2133596,2840,1767036,4552,2856832,986,1024408,20,19392,2180,1540323,523,579930,15,13343,2372,1316509,463,444478,5,6049
2022-01-25T00:00:00.000,5297,3895074,2716,2130878,2581,1764196,4515,2852280,757,1023422,25,19372,2302,1538143,398,579407,16,13328,2213,1314137,359,444015,9,6044
2022-01-24T00:00:00.000,5166,3889777,2711,2128162,2455,1761615,4365,2847765,781,1022665,20,19347,2276,1535841,420,579009,15,13312,2089,1311924,361,443656,5,6035
2022-01-23T00:00:00.000,2103,3884611,1316,2125451,787,1759160,1759,2843400,342,1021884,2,19327,1092,1533565,223,578589,1,13297,667,1309835,119,443295,1,6030
2022-01-22T00:00:00.000,4088,3882508,2902,2124135,1186,1758373,3308,2841641,766,1021542,14,19325,2345,1532473,547,578366,10,13296,963,1309168,219,443176,4,6029
2022-01-21T00:00:00.000,6103,3878420,3933,2121233,2170,1757187,4788,2838333,1281,1020776,34,19311,3076,1530128,826,577819,31,13286,1712,1308205,455,442957,3,6025
2022-01-20T00:00:00.000,6391,3872317,3586,2117300,2805,1755017,5044,2833545,1307,1019495,40,19277,2823,1527052,725,576993,38,13255,2221,1306493,582,442502,2,6022
2022-01-19T00:00:00.000,6404,3865926,3673,2113714,2731,1752212,5133,2828501,1232,1018188,39,19237,2866,1524229,772,576268,35,13217,2267,1304272,460,441920,4,6020
2022-01-18T00:00:00.000,6078,3859522,3392,2110041,2686,1749481,5037,2823368,1024,1016956,17,19198,2784,1521363,591,575496,17,13182,2253,1302005,433,441460,0,6016
2022-01-17T00:00:00.000,4451,3853444,2667,2106649,1784,1746795,3527,2818331,906,1015932,18,19181,2072,1518579,580,574905,15,13165,1455,1299752,326,441027,3,6016
2022-01-16T00:00:00.000,2175,3848993,1449,2103982,726,1745011,1759,2814804,411,1015026,5,19163,1139,1516507,305,574325,5,13150,620,1298297,106,440701,0,6013
2022-01-15T00:00:00.000,4607,3846818,3401,2102533,1206,1744285,3402,2813045,1177,1014615,28,19158,2494,1515368,882,574020,25,13145,908,1297677,295,440595,3,6013
2022-01-14T00:00:00.000,6764,3842211,4739,2099132,2025,1743079,5443,2809643,1297,1013438,24,19130,3835,1512874,882,573138,22,13120,1608,1296769,415,440300,2,6010
2022-01-13T00:00:00.000,6377,3835447,3986,2094393,2391,1741054,5288,2804200,1050,1012141,39,19106,3261,1509039,689,572256,36,13098,2027,1295161,361,439885,3,6008
2022-01-12T00:00:00.000,6733,3829070,4355,2090407,2378,1738663,5615,2798912,1085,1011091,33,19067,3634,1505778,692,571567,29,13062,1981,1293134,393,439524,4,6005
2022-01-11T00:00:00.000,6777,3822337,4434,2086052,2343,1736285,5602,2793297,1145,1010006,30,19034,3617,1502144,791,570875,26,13033,1985,1291153,354,439131,4,6001
2022-01-10T00:00:00.000,6732,3815560,4416,2081618,2316,1733942,5498,2787695,1193,1008861,41,19004,3597,1498527,781,570084,38,13007,1901,1289168,412,438777,3,5997
2022-01-09T00:00:00.000,2740,3808828,1720,2077202,1020,1731626,2181,2782197,555,1007668,4,18963,1342,1494930,374,569303,4,12969,839,1287267,181,438365,0,5994
2022-01-08T00:00:00.000,5734,3806088,3339,2075482,2395,1730606,3843,2780016,1799,1007113,92,18959,2223,1493588,1027,568929,89,12965,1620,1286428,772,438184,3,5994
2022-01-07T00:00:00.000,7635,3800354,5033,2072143,2602,1728211,5962,2776173,1629,1005314,44,18867,3868,1491365,1124,567902,41,12876,2094,1284808,505,437412,3,5991
2022-01-06T00:00:00.000,6890,3792719,4386,2067110,2504,1725609,5592,2770211,1267,1003685,31,18823,3580,1487497,779,566778,27,12835,2012,1282714,488,436907,4,5988
2022-01-05T00:00:00.000,6883,3785829,4584,2062724,2299,1723105,5508,2764619,1316,1002418,59,18792,3607,1483917,925,565999,52,12808,1901,1280702,391,436419,7,5984
2022-01-04T00:00:00.000,6750,3778946,4472,2058140,2278,1720806,5330,2759111,1373,1001102,47,18733,3504,1480310,924,565074,44,12756,1826,1278801,449,436028,3,5977
2022-01-03T00:00:00.000,6287,3772196,3961,2053668,2326,1718528,5064,2753781,1191,999729,32,18686,3131,1476806,799,564150,31,12712,1933,1276975,392,435579,1,5974
2022-01-02T00:00:00.000,1531,3765909,883,2049707,648,1716202,1250,2748717,279,998538,2,18654,691,1473675,190,563351,2,12681,559,1275042,89,435187,0,5973
2022-01-01T00:00:00.000,182,3764378,121,2048824,61,1715554,129,2747467,53,998259,0,18652,79,1472984,42,563161,0,12679,50,1274483,11,435098,0,5973
2021-12-31T00:00:00.000,2099,3764196,1252,2048703,847,1715493,1679,2747338,414,998206,6,18652,968,1472905,279,563119,5,12679,711,1274433,135,435087,1,5973
2021-12-30T00:00:00.000,6132,3762097,3984,2047451,2148,1714646,4919,2745659,1195,997792,18,18646,3146,1471937,822,562840,16,12674,1773,1273722,373,434952,2,5972
2021-12-29T00:00:00.000,6449,3755965,4086,2043467,2363,1712498,5257,2740740,1164,996597,28,18628,3288,1468791,773,562018,25,12658,1969,1271949,391,434579,3,5970
2021-12-28T00:00:00.000,5934,3749516,3654,2039381,2280,1710135,4921,2735483,1001,995433,12,18600,3026,1465503,617,561245,11,12633,1895,1269980,384,434188,1,5967
2021-12-27T00:00:00.000,5840,3743582,3366,2035727,2474,1707855,4659,2730562,1159,994432,22,18588,2638,1462477,709,560628,19,12622,2021,1268085,450,433804,3,5966
2021-12-26T00:00:00.000,1597,3737742,919,2032361,678,1705381,1220,2725903,376,993273,1,18566,688,1459839,230,559919,1,12603,532,1266064,146,433354,0,5963
2021-12-25T00:00:00.000,25,3736145,16,2031442,9,1704703,19,2724683,6,992897,0,18565,14,1459151,2,559689,0,12602,5,1265532,4,433208,0,5963
2021-12-24T00:00:00.000,1170,3736120,696,2031426,474,1704694,972,2724664,194,992891,4,18565,578,1459137,115,559687,3,12602,394,1265527,79,433204,1,5963
2021-12-23T00:00:00.000,5600,3734950,3394,2030730,2206,1704220,4387,2723692,1190,992697,23,18561,2581,1458559,792,559572,21,12599,1806,1265133,398,433125,2,5962
2021-12-22T00:00:00.000,6008,3729350,3540,2027336,2468,1702014,4736,2719305,1243,991507,29,18538,2761,1455978,755,558780,24,12578,1975,1263327,488,432727,5,5960
2021-12-21T00:00:00.000,5952,3723342,3550,2023796,2402,1699546,4452,2714569,1446,990264,54,18509,2575,1453217,922,558025,53,12554,1877,1261352,524,432239,1,5955
2021-12-20T00:00:00.000,5926,3717390,3487,2020246,2439,1697144,4452,2710117,1287,988818,187,18455,2480,1450642,822,557103,185,12501,1972,1259475,465,431715,2,5954
2021-12-19T00:00:00.000,3110,3711464,1987,2016759,1123,1694705,1870,2705665,1132,987531,108,18268,1167,1448162,712,556281,108,12316,703,1257503,420,431250,0,5952
2021-12-18T00:00:00.000,4229,3708354,2489,2014772,1740,1693582,3237,2703795,951,986399,41,18160,1857,1446995,591,555569,41,12208,1380,1256800,360,430830,0,5952
2021-12-17T00:00:00.000,6134,3704125,3389,2012283,2745,1691842,4782,2700558,1288,985448,64,18119,2507,1445138,823,554978,59,12167,2275,1255420,465,430470,5,5952
2021-12-16T00:00:00.000,5106,3697991,3187,2008894,1919,1689097,3938,2695776,1112,984160,56,18055,2415,1442631,719,554155,53,12108,1523,1253145,393,430005,3,5947
2021-12-15T00:00:00.000,6248,3692885,3388,2005707,2860,1687178,4651,2691838,1535,983048,62,17999,2327,1440216,1003,553436,58,12055,2324,1251622,532,429612,4,5944
2021-12-14T00:00:00.000,5873,3686637,3136,2002319,2737,1684318,4371,2687187,1469,981513,33,17937,2182,1437889,923,552433,31,11997,2189,1249298,546,429080,2,5940
2021-12-13T00:00:00.000,5571,3680764,2936,1999183,2635,1681581,4214,2682816,1318,980044,39,17904,2068,1435707,832,551510,36,11966,2146,1247109,486,428534,3,5938
2021-12-12T00:00:00.000,3700,3675193,1785,1996247,1915,1678946,2098,2678602,1570,978726,32,17865,821,1433639,934,550678,30,11930,1277,1244963,636,428048,2,5935
2021-12-11T00:00:00.000,5858,3671493,2262,1994462,3596,1677031,4194,2676504,1625,977156,39,17833,1565,1432818,663,549744,34,11900,2629,1243686,962,427412,5,5933
2021-12-10T00:00:00.000,7879,3665635,3861,1992200,4018,1673435,5799,2672310,1910,975531,170,17794,2683,1431253,1011,549081,167,11866,3116,1241057,899,426450,3,5928
2021-12-09T00:00:00.000,7656,3657756,3921,1988339,3735,1669417,5339,2666511,2130,973621,187,17624,2462,1428570,1274,548070,185,11699,2877,1237941,856,425551,2,5925
2021-12-08T00:00:00.000,7271,3650100,3451,1984418,3820,1665682,5449,2661172,1736,971491,86,17437,2350,1426108,1018,546796,83,11514,3099,1235064,718,424695,3,5923
2021-12-07T00:00:00.000,6698,3642829,3498,1980967,3200,1661862,5019,2655723,1394,969755,285,17351,2358,1423758,859,545778,281,11431,2661,1231965,535,423977,4,5920
2021-12-06T00:00:00.000,6132,3636131,2897,1977469,3235,1658662,4727,2650704,1319,968361,86,17066,2107,1421400,707,544919,83,11150,2620,1229304,612,423442,3,5916
2021-12-05T00:00:00.000,3079,3629999,1025,1974572,2054,1655427,2571,2645977,504,967042,4,16980,775,1419293,246,544212,4,11067,1796,1226684,258,422830,0,5913
2021-12-04T00:00:00.000,9013,3626920,2578,1973547,6435,1653373,6183,2643406,2760,966538,70,16976,1559,1418518,950,543966,69,11063,4624,1224888,1810,422572,1,5913
2021-12-03T00:00:00.000,11028,3617907,3119,1970969,7909,1646938,8782,2637223,2176,963778,70,16906,2345,1416959,718,543016,56,10994,6437,1220264,1458,420762,14,5912
2021-12-02T00:00:00.000,7508,3606879,2874,1967850,4634,1639029,6290,2628441,1194,961602,24,16836,2216,1414614,638,542298,20,10938,4074,1213827,556,419304,4,5898
2021-12-01T00:00:00.000,6603,3599371,2966,1964976,3637,1634395,5125,2622151,1443,960408,35,16812,2191,1412398,742,541660,33,10918,2934,1209753,701,418748,2,5894
2021-11-30T00:00:00.000,6604,3592768,2664,1962010,3940,1630758,5451,2617026,1142,958965,11,16777,2077,1410207,577,540918,10,10885,3374,1206819,565,418047,1,5892
2021-11-29T00:00:00.000,6114,3586164,2470,1959346,3644,1626818,4978,2611575,1115,957823,21,16766,1960,1408130,492,540341,18,10875,3018,1203445,623,417482,3,5891
2021-11-28T00:00:00.000,2751,3580050,935,1956876,1816,1623174,2107,2606597,644,956708,0,16745,668,1406170,267,539849,0,10857,1439,1200427,377,416859,0,5888
2021-11-27T00:00:00.000,3839,3577299,1358,1955941,2481,1621358,3145,2604490,693,956064,1,16745,1079,1405502,278,539582,1,10857,2066,1198988,415,416482,0,5888
2021-11-26T00:00:00.000,4104,3573460,2164,1954583,1940,1618877,3385,2601345,709,955371,10,16744,1699,1404423,457,539304,8,10856,1686,1196922,252,416067,2,5888
2021-11-25T00:00:00.000,100,3569356,45,1952419,55,1616937,68,2597960,31,954662,1,16734,35,1402724,10,538847,0,10848,33,1195236,21,415815,1,5886
2021-11-24T00:00:00.000,5071,3569256,3290,1952374,1781,1616882,4035,2597892,1015,954631,21,16733,2550,1402689,720,538837,20,10848,1485,1195203,295,415794,1,5885
2021-11-23T00:00:00.000,4673,3564185,3064,1949084,1609,1615101,3614,2593857,1044,953616,15,16712,2322,1400139,729,538117,13,10828,1292,1193718,315,415499,2,5884
2021-11-22T00:00:00.000,4867,3559512,3067,1946020,1800,1613492,3665,2590243,1183,952572,19,16697,2255,1397817,796,537388,16,10815,1410,1192426,387,415184,3,5882
2021-11-21T00:00:00.000,2194,3554645,1593,1942953,601,1611692,1734,2586578,456,951389,4,16678,1232,1395562,357,536592,4,10799,502,1191016,99,414797,0,5879
2021-11-20T00:00:00.000,4782,3552451,3786,1941360,996,1611091,3418,2584844,1329,950933,35,16674,2653,1394330,1099,536235,34,10795,765,1190514,230,414698,1,5879
2021-11-19T00:00:00.000,6149,3547669,4121,1937574,2028,1610095,4432,2581426,1648,949604,69,16639,3003,1391677,1053,535136,65,10761,1429,1189749,595,414468,4,5878
2021-11-18T00:00:00.000,5577,3541520,3908,1933453,1669,1608067,4485,2576994,1068,947956,24,16570,3162,1388674,723,534083,23,10696,1323,1188320,345,413873,1,5874
2021-11-17T00:00:00.000,6132,3535943,4461,1929545,1671,1606398,4955,2572509,1147,946888,30,16546,3646,1385512,790,533360,25,10673,1309,1186997,357,413528,5,5873
2021-11-16T00:00:00.000,5239,3529811,3604,1925084,1635,1604727,4301,2567554,913,945741,25,16516,2940,1381866,642,532570,22,10648,1361,1185688,271,413171,3,5868
2021-11-15T00:00:00.000,5063,3524572,3366,1921480,1697,1603092,3980,2563253,1062,944828,21,16491,2616,1378926,730,531928,20,10626,1364,1184327,332,412900,1,5865
2021-11-14T00:00:00.000,2560,3519509,2013,1918114,547,1601395,2138,2559273,422,943766,0,16470,1675,1376310,338,531198,0,10606,463,1182963,84,412568,0,5864
2021-11-13T00:00:00.000,5923,3516949,4895,1916101,1028,1600848,4046,2557135,1834,943344,43,16470,3271,1374635,1581,530860,43,10606,775,1182500,253,412484,0,5864
2021-11-12T00:00:00.000,13095,3511026,11083,1911206,2012,1599820,10743,2553089,2303,941510,49,16427,9107,1371364,1928,529279,48,10563,1636,1181725,375,412231,1,5864
2021-11-11T00:00:00.000,7896,3497931,6205,1900123,1691,1597808,6661,2542346,1215,939207,20,16378,5353,1362257,833,527351,19,10515,1308,1180089,382,411856,1,5863
2021-11-10T00:00:00.000,5869,3490035,4057,1893918,1812,1596117,4659,2535685,1159,937992,51,16358,3244,1356904,763,526518,50,10496,1415,1178781,396,411474,1,5862
2021-11-09T00:00:00.000,5914,3484166,4129,1889861,1785,1594305,4853,2531026,1033,936833,28,16307,3350,1353660,755,525755,24,10446,1503,1177366,278,411078,4,5861
2021-11-08T00:00:00.000,5237,3478252,3535,1885732,1702,1592520,4216,2526173,991,935800,30,16279,2820,1350310,689,525000,26,10422,1396,1175863,302,410800,4,5857
2021-11-07T00:00:00.000,2816,3473015,2103,1882197,713,1590818,2208,2521957,606,934809,2,16249,1646,1347490,455,524311,2,10396,562,1174467,151,410498,0,5853
2021-11-06T00:00:00.000,4487,3470199,3244,1880094,1243,1590105,3424,2519749,1047,934203,16,16247,2477,1345844,753,523856,14,10394,947,1173905,294,410347,2,5853
2021-11-05T00:00:00.000,6624,3465712,4480,1876850,2144,1588862,5231,2516325,1357,933156,36,16231,3523,1343367,923,523103,34,10380,1708,1172958,434,410053,2,5851
2021-11-04T00:00:00.000,5036,3459088,3062,1872370,1974,1586718,3938,2511094,1068,931799,30,16195,2336,1339844,697,522180,29,10346,1602,1171250,371,409619,1,5849
2021-11-03T00:00:00.000,3829,3454052,1994,1869308,1835,1584744,2977,2507156,831,930731,21,16165,1475,1337508,504,521483,15,10317,1502,1169648,327,409248,6,5848
2021-11-02T00:00:00.000,3656,3450223,1722,1867314,1934,1582909,2934,2504179,707,929900,15,16144,1289,1336033,421,520979,12,10302,1645,1168146,286,408921,3,5842
2021-11-01T00:00:00.000,4085,3446567,1993,1865592,2092,1580975,3226,2501245,854,929193,5,16129,1456,1334744,534,520558,3,10290,1770,1166501,320,408635,2,5839
2021-10-31T00:00:00.000,1403,3442482,625,1863599,778,1578883,1154,2498019,248,928339,1,16124,475,1333288,149,520024,1,10287,679,1164731,99,408315,0,5837
2021-10-30T00:00:00.000,2500,3441079,1167,1862974,1333,1578105,1922,2496865,555,928091,23,16123,834,1332813,312,519875,21,10286,1088,1164052,243,408216,2,5837
2021-10-29T00:00:00.000,4523,3438579,2263,1861807,2260,1576772,3410,2494943,1100,927536,13,16100,1538,1331979,714,519563,11,10265,1872,1162964,386,407973,2,5835
2021-10-28T00:00:00.000,3778,3434056,1757,1859544,2021,1574512,2946,2491533,810,926436,22,16087,1301,1330441,436,518849,20,10254,1645,1161092,374,407587,2,5833
2021-10-27T00:00:00.000,4225,3430278,2026,1857787,2199,1572491,3258,2488587,937,925626,30,16065,1450,1329140,549,518413,27,10234,1808,1159447,388,407213,3,5831
2021-10-26T00:00:00.000,3990,3426053,1880,1855761,2110,1570292,3194,2485329,754,924689,42,16035,1412,1327690,429,517864,39,10207,1782,1157639,325,406825,3,5828
2021-10-25T00:00:00.000,3821,3422063,1811,1853881,2010,1568182,3057,2482135,741,923935,23,15993,1377,1326278,416,517435,18,10168,1680,1155857,325,406500,5,5825
2021-10-24T00:00:00.000,1343,3418242,583,1852070,760,1566172,1089,2479078,253,923194,1,15970,443,1324901,140,517019,0,10150,646,1154177,113,406175,1,5820
2021-10-23T00:00:00.000,2487,3416899,1171,1851487,1316,1565412,1870,2477989,597,922941,20,15969,824,1324458,329,516879,18,10150,1046,1153531,268,406062,2,5819
2021-10-22T00:00:00.000,4204,3414412,2031,1850316,2173,1564096,3380,2476119,806,922344,18,15949,1506,1323634,510,516550,15,10132,1874,1152485,296,405794,3,5817
2021-10-21T00:00:00.000,2833,3410208,1461,1848285,1372,1561923,2240,2472739,574,921538,19,15931,1080,1322128,365,516040,16,10117,1160,1150611,209,405498,3,5814
2021-10-20T00:00:00.000,3029,3407375,1501,1846824,1528,1560551,2388,2470499,624,920964,17,15912,1149,1321048,340,515675,12,10101,1239,1149451,284,405289,5,5811
2021-10-19T00:00:00.000,2997,3404346,1581,1845323,1416,1559023,2390,2468111,572,920340,35,15895,1239,1319899,311,515335,31,10089,1151,1148212,261,405005,4,5806
2021-10-18T00:00:00.000,3190,3401349,1734,1843742,1456,1557607,2576,2465721,591,919768,23,15860,1357,1318660,360,515024,17,10058,1219,1147061,231,404744,6,5802
2021-10-17T00:00:00.000,1176,3398159,581,1842008,595,1556151,972,2463145,204,919177,0,15837,470,1317303,111,514664,0,10041,502,1145842,93,404513,0,5796
2021-10-16T00:00:00.000,2067,3396983,1042,1841427,1025,1555556,1662,2462173,390,918973,15,15837,816,1316833,213,514553,13,10041,846,1145340,177,404420,2,5796
2021-10-15T00:00:00.000,3687,3394916,1964,1840385,1723,1554531,2972,2460511,688,918583,27,15822,1522,1316017,418,514340,24,10028,1450,1144494,270,404243,3,5794
2021-10-14T00:00:00.000,3452,3391229,1920,1838421,1532,1552808,2824,2457539,619,917895,9,15795,1542,1314495,369,513922,9,10004,1282,1143044,250,403973,0,5791
2021-10-13T00:00:00.000,3584,3387777,1943,1836501,1641,1551276,2906,2454715,656,917276,22,15786,1520,1312953,405,513553,18,9995,1386,1141762,251,403723,4,5791
2021-10-12T00:00:00.000,3542,3384193,1926,1834558,1616,1549635,2927,2451809,582,916620,33,15764,1568,1311433,330,513148,28,9977,1359,1140376,252,403472,5,5787
2021-10-11T00:00:00.000,3149,3380651,1685,1832632,1464,1548019,2594,2448882,539,916038,16,15731,1371,1309865,302,512818,12,9949,1223,1139017,237,403220,4,5782
2021-10-10T00:00:00.000,1303,3377502,681,1830947,622,1546555,1062,2446288,231,915499,10,15715,516,1308494,160,512516,5,9937,546,1137794,71,402983,5,5778
2021-10-09T00:00:00.000,2430,3376199,1268,1830266,1162,1545933,1892,2445226,489,915268,49,15705,937,1307978,287,512356,44,9932,955,1137248,202,402912,5,5773
2021-10-08T00:00:00.000,4083,3373769,2084,1828998,1999,1544771,3294,2443334,763,914779,26,15656,1616,1307041,448,512069,20,9888,1678,1136293,315,402710,6,5768
2021-10-07T00:00:00.000,3190,3369686,1687,1826914,1503,1542772,2558,2440040,615,914016,17,15630,1309,1305425,362,511621,16,9868,1249,1134615,253,402395,1,5762
2021-10-06T00:00:00.000,3748,3366496,1845,1825227,1903,1541269,2981,2437482,741,913401,26,15613,1480,1304116,345,511259,20,9852,1501,1133366,396,402142,6,5761
2021-10-05T00:00:00.000,3607,3362748,1834,1823382,1773,1539366,2907,2434501,671,912660,29,15587,1428,1302636,382,510914,24,9832,1479,1131865,289,401746,5,5755
2021-10-04T00:00:00.000,3526,3359141,1875,1821548,1651,1537593,2876,2431594,625,911989,25,15558,1497,1301208,358,510532,20,9808,1379,1130386,267,401457,5,5750
2021-10-03T00:00:00.000,1623,3355615,856,1819673,767,1535942,1165,2428718,452,911364,6,15533,583,1299711,269,510174,4,9788,582,1129007,183,401190,2,5745
2021-10-02T00:00:00.000,2759,3353992,1436,1818817,1323,1535175,2114,2427553,631,910912,14,15527,1029,1299128,393,509905,14,9784,1085,1128425,238,401007,0,5743
2021-10-01T00:00:00.000,4734,3351233,2523,1817381,2211,1533852,3773,2425439,939,910281,22,15513,1981,1298099,528,509512,14,9770,1792,1127340,411,400769,8,5743
2021-09-30T00:00:00.000,3846,3346499,2061,1814858,1785,1531641,3018,2421666,792,909342,36,15491,1602,1296118,434,508984,25,9756,1416,1125548,358,400358,11,5735
2021-09-29T00:00:00.000,4085,3342653,2140,1812797,1945,1529856,3258,2418648,808,908550,19,15455,1643,1294516,481,508550,16,9731,1615,1124132,327,400000,3,5724
2021-09-28T00:00:00.000,4026,3338568,2015,1810657,2011,1527911,3222,2415390,777,907742,27,15436,1566,1292873,424,508069,25,9715,1656,1122517,353,399673,2,5721
2021-09-27T00:00:00.000,3140,3334542,1976,1808642,1164,1525900,2539,2412168,575,906965,26,15409,1586,1291307,370,507645,20,9690,953,1120861,205,399320,6,5719
2021-09-26T00:00:00.000,1730,3331402,900,1806666,830,1524736,1397,2409629,328,906390,5,15383,685,1289721,212,507275,3,9670,712,1119908,116,399115,2,5713
2021-09-25T00:00:00.000,2749,3329672,1341,1805766,1408,1523906,2221,2408232,516,906062,12,15378,1014,1289036,316,507063,11,9667,1207,1119196,200,398999,1,5711
2021-09-24T00:00:00.000,4527,3326923,2105,1804425,2422,1522498,3688,2406011,829,905546,10,15366,1687,1288022,413,506747,5,9656,2001,1117989,416,398799,5,5710
2021-09-23T00:00:00.000,3876,3322396,1888,1802320,1988,1520076,3019,2402323,844,904717,13,15356,1442,1286335,437,506334,9,9651,1577,1115988,407,398383,4,5705
2021-09-22T00:00:00.000,4142,3318520,2144,1800432,1998,1518088,3217,2399304,896,903873,29,15343,1661,1284893,468,505897,15,9642,1556,1114411,428,397976,14,5701
2021-09-21T00:00:00.000,3926,3314378,1919,1798288,2007,1516090,3229,2396087,682,902977,15,15314,1584,1283232,326,505429,9,9627,1645,1112855,356,397548,6,5687
2021-09-20T00:00:00.000,4228,3310452,2113,1796369,2115,1514083,3468,2392858,728,902295,32,15299,1699,1281648,396,505103,18,9618,1769,1111210,332,397192,14,5681
2021-09-19T00:00:00.000,1732,3306224,839,1794256,893,1511968,1430,2389390,295,901567,7,15267,668,1279949,168,504707,3,9600,762,1109441,127,396860,4,5667
2021-09-18T00:00:00.000,2974,3304492,1538,1793417,1436,1511075,2394,2387960,564,901272,16,15260,1157,1279281,365,504539,16,9597,1237,1108679,199,396733,0,5663
2021-09-17T00:00:00.000,5131,3301518,2593,1791879,2538,1509639,4137,2385566,964,900708,30,15244,2005,1278124,566,504174,22,9581,2132,1107442,398,396534,8,5663
2021-09-16T00:00:00.000,4072,3296387,2129,1789286,1943,1507101,3359,2381429,706,899744,7,15214,1686,1276119,438,503608,5,9559,1673,1105310,268,396136,2,5655
2021-09-15T00:00:00.000,4787,3292315,2416,1787157,2371,1505158,3813,2378070,953,899038,21,15207,1893,1274433,507,503170,16,9554,1920,1103637,446,395868,5,5653
2021-09-14T00:00:00.000,4417,3287528,2260,1784741,2157,1502787,3551,2374257,851,898085,15,15186,1813,1272540,438,502663,9,9538,1738,1101717,413,395422,6,5648
2021-09-13T00:00:00.000,4619,3283111,2332,1782481,2287,1500630,3809,2370706,786,897234,24,15171,1861,1270727,458,502225,13,9529,1948,1099979,328,395009,11,5642
2021-09-12T00:00:00.000,2069,3278492,1181,1780149,888,1498343,1587,2366897,472,896448,10,15147,833,1268866,342,501767,6,9516,754,1098031,130,394681,4,5631
2021-09-11T00:00:00.000,3489,3276423,1811,1778968,1678,1497455,2791,2365310,681,895976,17,15137,1377,1268033,418,501425,16,9510,1414,1097277,263,394551,1,5627
2021-09-10T00:00:00.000,5424,3272934,2914,1777157,2510,1495777,4396,2362519,1002,895295,26,15120,2281,1266656,617,501007,16,9494,2115,1095863,385,394288,10,5626
2021-09-09T00:00:00.000,4271,3267510,2281,1774243,1990,1493267,3420,2358123,825,894293,26,15094,1727,1264375,534,500390,20,9478,1693,1093748,291,393903,6,5616
2021-09-08T00:00:00.000,4808,3263239,2498,1771962,2310,1491277,3929,2354703,865,893468,14,15068,1972,1262648,518,499856,8,9458,1957,1092055,347,393612,6,5610
2021-09-07T00:00:00.000,5588,3258431,2617,1769464,2971,1488967,4634,2350774,940,892603,14,15054,2058,1260676,552,499338,7,9450,2576,1090098,388,393265,7,5604
2021-09-06T00:00:00.000,444,3252843,242,1766847,202,1485996,324,2346140,117,891663,3,15040,166,1258618,74,498786,2,9443,158,1087522,43,392877,1,5597
2021-09-05T00:00:00.000,2116,3252399,1186,1766605,930,1485794,1679,2345816,383,891546,54,15037,934,1258452,228,498712,24,9441,745,1087364,155,392834,30,5596
2021-09-04T00:00:00.000,3307,3250283,1844,1765419,1463,1484864,2734,2344137,564,891163,9,14983,1482,1257518,356,498484,6,9417,1252,1086619,208,392679,3,5566
2021-09-03T00:00:00.000,5604,3246976,3190,1763575,2414,1483401,4495,2341403,1089,890599,20,14974,2426,1256036,747,498128,17,9411,2069,1085367,342,392471,3,5563
2021-09-02T00:00:00.000,4802,3241372,2783,1760385,2019,1480987,3755,2336908,1017,889510,30,14954,2077,1253610,688,497381,18,9394,1678,1083298,329,392129,12,5560
2021-09-01T00:00:00.000,4998,3236570,2693,1757602,2305,1478968,3933,2333153,1038,888493,27,14924,2041,1251533,629,496693,23,9376,1892,1081620,409,391800,4,5548
2021-08-31T00:00:00.000,4915,3231572,2526,1754909,2389,1476663,3989,2329220,908,887455,18,14897,1999,1249492,514,496064,13,9353,1990,1079728,394,391391,5,5544
2021-08-30T00:00:00.000,5212,3226657,2657,1752383,2555,1474274,4184,2325231,1009,886547,19,14879,2075,1247493,570,495550,12,9340,2109,1077738,439,390997,7,5539
2021-08-29T00:00:00.000,2239,3221445,1257,1749726,982,1471719,1825,2321047,402,885538,12,14860,1004,1245418,246,494980,7,9328,821,1075629,156,390558,5,5532
2021-08-28T00:00:00.000,3704,3219206,1947,1748469,1757,1470737,2954,2319222,719,885136,31,14848,1509,1244414,420,494734,18,9321,1445,1074808,299,390402,13,5527
2021-08-27T00:00:00.000,6064,3215502,3194,1746522,2870,1468980,5042,2316268,1010,884417,12,14817,2610,1242905,575,494314,9,9303,2432,1073363,435,390103,3,5514
2021-08-26T00:00:00.000,5187,3209438,2858,1743328,2329,1466110,4219,2311226,930,883407,38,14805,2243,1240295,588,493739,27,9294,1976,1070931,342,389668,11,5511
2021-08-25T00:00:00.000,5376,3204251,2853,1740470,2523,1463781,4430,2307007,917,882477,29,14767,2256,1238052,577,493151,20,9267,2174,1068955,340,389326,9,5500
2021-08-24T00:00:00.000,5382,3198875,2928,1737617,2454,1461258,4436,2302577,919,881560,27,14738,2329,1235796,577,492574,22,9247,2107,1066781,342,388986,5,5491
2021-08-23T00:00:00.000,5377,3193493,2891,1734689,2486,1458804,4537,2298141,813,880641,27,14711,2370,1233467,497,491997,24,9225,2167,1064674,316,388644,3,5486
2021-08-22T00:00:00.000,2166,3188116,1160,1731798,1006,1456318,1706,2293604,440,879828,20,14684,889,1231097,261,491500,10,9201,817,1062507,179,388328,10,5483
2021-08-21T00:00:00.000,3378,3185950,1919,1730638,1459,1455312,2790,2291898,563,879388,25,14664,1531,1230208,368,491239,20,9191,1259,1061690,195,388149,5,5473
2021-08-20T00:00:00.000,5202,3182572,2882,1728719,2320,1453853,4355,2289108,821,878825,26,14639,2372,1228677,488,490871,22,9171,1983,1060431,333,387954,4,5468
2021-08-19T00:00:00.000,4735,3177370,2615,1725837,2120,1451533,3923,2284753,780,878004,32,14613,2125,1226305,463,490383,27,9149,1798,1058448,317,387621,5,5464
2021-08-18T00:00:00.000,5203,3172635,3077,1723222,2126,1449413,4335,2280830,849,877224,19,14581,2500,1224180,564,489920,13,9122,1835,1056650,285,387304,6,5459
2021-08-17T00:00:00.000,5324,3167432,3038,1720145,2286,1447287,4442,2276495,870,876375,12,14562,2461,1221680,567,489356,10,9109,1981,1054815,303,387019,2,5453
2021-08-16T00:00:00.000,5173,3162108,2859,1717107,2314,1445001,4358,2272053,801,875505,14,14550,2366,1219219,486,488789,7,9099,1992,1052834,315,386716,7,5451
2021-08-15T00:00:00.000,2153,3156935,1265,1714248,888,1442687,1668,2267695,427,874704,58,14536,899,1216853,309,488303,57,9092,769,1050842,118,386401,1,5444
2021-08-14T00:00:00.000,3376,3154782,1948,1712983,1428,1441799,2691,2266027,651,874277,34,14478,1469,1215954,445,487994,34,9035,1222,1050073,206,386283,0,5443
2021-08-13T00:00:00.000,5198,3151406,2979,1711035,2219,1440371,4268,2263336,905,873626,25,14444,2438,1214485,527,487549,14,9001,1830,1048851,378,386077,11,5443
2021-08-12T00:00:00.000,4617,3146208,2715,1708056,1902,1438152,3801,2259068,801,872721,15,14419,2173,1212047,533,487022,9,8987,1628,1047021,268,385699,6,5432
2021-08-11T00:00:00.000,4726,3141591,2891,1705341,1835,1436250,3811,2255267,888,871920,27,14404,2294,1209874,577,486489,20,8978,1517,1045393,311,385431,7,5426
2021-08-10T00:00:00.000,4921,3136865,3159,1702450,1762,1434415,3994,2251456,903,871032,24,14377,2491,1207580,648,485912,20,8958,1503,1043876,255,385120,4,5419
2021-08-09T00:00:00.000,5182,3131944,3265,1699291,1917,1432653,4302,2247462,848,870129,32,14353,2652,1205089,592,485264,21,8938,1650,1042373,256,384865,11,5415
2021-08-08T00:00:00.000,1869,3126762,1210,1696026,659,1430736,1576,2243160,280,869281,13,14321,992,1202437,209,484672,9,8917,584,1040723,71,384609,4,5404
2021-08-07T00:00:00.000,3397,3124893,2226,1694816,1171,1430077,2713,2241584,639,869001,45,14308,1732,1201445,457,484463,37,8908,981,1040139,182,384538,8,5400
2021-08-06T00:00:00.000,5559,3121496,3650,1692590,1909,1428906,4607,2238871,881,868362,71,14263,2986,1199713,615,484006,49,8871,1621,1039158,266,384356,22,5392
2021-08-05T00:00:00.000,4718,3115937,3103,1688940,1615,1426997,3959,2234264,728,867481,31,14192,2570,1196727,509,483391,24,8822,1389,1037537,219,384090,7,5370
2021-08-04T00:00:00.000,5207,3111219,3399,1685837,1808,1425382,4281,2230305,883,866753,43,14161,2763,1194157,601,482882,35,8798,1518,1036148,282,383871,8,5363
2021-08-03T00:00:00.000,4948,3106012,3275,1682438,1673,1423574,4120,2226024,796,865870,32,14118,2715,1191394,532,482281,28,8763,1405,1034630,264,383589,4,5355
2021-08-02T00:00:00.000,4822,3101064,3175,1679163,1647,1421901,4059,2221904,743,865074,20,14086,2651,1188679,509,481749,15,8735,1408,1033225,234,383325,5,5351
2021-08-01T00:00:00.000,2084,3096242,1394,1675988,690,1420254,1612,2217845,435,864331,37,14066,1059,1186028,311,481240,24,8720,553,1031817,124,383091,13,5346
2021-07-31T00:00:00.000,3246,3094158,1940,1674594,1306,1419564,2691,2216233,522,863896,33,14029,1562,1184969,353,480929,25,8696,1129,1031264,169,382967,8,5333
2021-07-30T00:00:00.000,4868,3090912,3071,1672654,1797,1418258,4044,2213542,779,863374,45,13996,2542,1183407,496,480576,33,8671,1502,1030135,283,382798,12,5325
2021-07-29T00:00:00.000,4519,3086044,2868,1669583,1651,1416461,3752,2209498,737,862595,30,13951,2374,1180865,471,480080,23,8638,1378,1028633,266,382515,7,5313
2021-07-28T00:00:00.000,4701,3081525,2856,1666715,1845,1414810,3935,2205746,739,861858,27,13921,2328,1178491,508,479609,20,8615,1607,1027255,231,382249,7,5306
2021-07-27T00:00:00.000,4579,3076824,2985,1663859,1594,1412965,3850,2201811,715,861119,14,13894,2454,1176163,520,479101,11,8595,1396,1025648,195,382018,3,5299
2021-07-26T00:00:00.000,4479,3072245,2889,1660874,1590,1411371,3816,2197961,638,860404,25,13880,2452,1173709,417,478581,20,8584,1364,1024252,221,381823,5,5296
2021-07-25T00:00:00.000,1634,3067766,1256,1657985,378,1409781,1340,2194145,280,859766,14,13855,1028,1171257,221,478164,7,8564,312,1022888,59,381602,7,5291
2021-07-24T00:00:00.000,3170,3066132,1890,1656729,1280,1409403,2675,2192805,483,859486,12,13841,1548,1170229,334,477943,8,8557,1127,1022576,149,381543,4,5284
2021-07-23T00:00:00.000,4848,3062962,2942,1654839,1906,1408123,3996,2190130,827,859003,25,13829,2339,1168681,581,477609,22,8549,1657,1021449,246,381394,3,5280
2021-07-22T00:00:00.000,4392,3058114,2649,1651897,1743,1406217,3712,2186134,654,858176,26,13804,2190,1166342,439,477028,20,8527,1522,1019792,215,381148,6,5277
2021-07-21T00:00:00.000,4795,3053722,2508,1649248,2287,1404474,3982,2182422,785,857522,28,13778,2012,1164152,473,476589,23,8507,1970,1018270,312,380933,5,5271
2021-07-20T00:00:00.000,4229,3048927,2288,1646740,1941,1402187,3600,2178440,615,856737,14,13750,1947,1162140,335,476116,6,8484,1653,1016300,280,380621,8,5266
2021-07-19T00:00:00.000,4375,3044698,2298,1644452,2077,1400246,3701,2174840,637,856122,37,13736,1912,1160193,356,475781,30,8478,1789,1014647,281,380341,7,5258
2021-07-18T00:00:00.000,1682,3040323,872,1642154,810,1398169,1423,2171139,250,855485,9,13699,723,1158281,147,475425,2,8448,700,1012858,103,380060,7,5251
2021-07-17T00:00:00.000,3256,3038641,1611,1641282,1645,1397359,2658,2169716,543,855235,55,13690,1286,1157558,286,475278,39,8446,1372,1012158,257,379957,16,5244
2021-07-16T00:00:00.000,4660,3035385,2296,1639671,2364,1395714,3965,2167058,656,854692,39,13635,1896,1156272,369,474992,31,8407,2069,1010786,287,379700,8,5228
2021-07-15T00:00:00.000,4005,3030725,2028,1637375,1977,1393350,3414,2163093,578,854036,13,13596,1690,1154376,329,474623,9,8376,1724,1008717,249,379413,4,5220
2021-07-14T00:00:00.000,4444,3026720,2152,1635347,2292,1391373,3635,2159679,775,853458,34,13583,1690,1152686,435,474294,27,8367,1945,1006993,340,379164,7,5216
2021-07-13T00:00:00.000,4128,3022276,2114,1633195,2014,1389081,3464,2156044,652,852683,12,13549,1730,1150996,375,473859,9,8340,1734,1005048,277,378824,3,5209
2021-07-12T00:00:00.000,4511,3018148,2303,1631081,2208,1387067,3738,2152580,741,852031,32,13537,1891,1149266,385,473484,27,8331,1847,1003314,356,378547,5,5206
2021-07-11T00:00:00.000,1805,3013637,984,1628778,821,1384859,1496,2148842,294,851290,15,13505,785,1147375,187,473099,12,8304,711,1001467,107,378191,3,5201
2021-07-10T00:00:00.000,3790,3011832,1783,1627794,2007,1384038,3129,2147346,638,850996,23,13490,1485,1146590,277,472912,21,8292,1644,1000756,361,378084,2,5198
2021-07-09T00:00:00.000,4978,3008042,2394,1626011,2584,1382031,4171,2144217,763,850358,44,13467,1941,1145105,421,472635,32,8271,2230,999112,342,377723,12,5196
2021-07-08T00:00:00.000,4339,3003064,1997,1623617,2342,1379447,3581,2140046,738,849595,20,13423,1610,1143164,381,472214,6,8239,1971,996882,357,377381,14,5184
2021-07-07T00:00:00.000,5019,2998725,2167,1621620,2852,1377105,4223,2136465,778,848857,18,13403,1802,1141554,349,471833,16,8233,2421,994911,429,377024,2,5170
2021-07-06T00:00:00.000,4925,2993706,1940,1619453,2985,1374253,4146,2132242,752,848079,27,13385,1608,1139752,317,471484,15,8217,2538,992490,435,376595,12,5168
2021-07-05T00:00:00.000,3016,2988781,1507,1617513,1509,1371268,2575,2128096,434,847327,7,13358,1265,1138144,237,471167,5,8202,1310,989952,197,376160,2,5156
2021-07-04T00:00:00.000,247,2985765,142,1616006,105,1369759,178,2125521,64,846893,5,13351,86,1136879,52,470930,4,8197,92,988642,12,375963,1,5154
2021-07-03T00:00:00.000,3204,2985518,1360,1615864,1844,1369654,2745,2125343,451,846829,8,13346,1146,1136793,208,470878,6,8193,1599,988550,243,375951,2,5153
2021-07-02T00:00:00.000,5007,2982314,2197,1614504,2810,1367810,4249,2122598,743,846378,15,13338,1842,1135647,347,470670,8,8187,2407,986951,396,375708,7,5151
2021-07-01T00:00:00.000,4873,2977307,2201,1612307,2672,1365000,4014,2118349,823,845635,36,13323,1776,1133805,392,470323,33,8179,2238,984544,431,375312,3,5144
2021-06-30T00:00:00.000,5793,2972434,2748,1610106,3045,1362328,4915,2114335,856,844812,22,13287,2292,1132029,437,469931,19,8146,2623,982306,419,374881,3,5141
2021-06-29T00:00:00.000,5168,2966641,2333,1607358,2835,1359283,4215,2109420,925,843956,28,13265,1905,1129737,410,469494,18,8127,2310,979683,515,374462,10,5138
2021-06-28T00:00:00.000,5029,2961473,2512,1605025,2517,1356448,4223,2105205,781,843031,25,13237,2123,1127832,374,469084,15,8109,2100,977373,407,373947,10,5128
2021-06-27T00:00:00.000,2099,2956444,1053,1602513,1046,1353931,1791,2100982,298,842250,10,13212,888,1125709,158,468710,7,8094,903,975273,140,373540,3,5118
2021-06-26T00:00:00.000,5151,2954345,2219,1601460,2932,1352885,4300,2099191,811,841952,40,13202,1769,1124821,418,468552,32,8087,2531,974370,393,373400,8,5115
2021-06-25T00:00:00.000,6931,2949194,2969,1599241,3962,1349953,5508,2094891,1375,841141,48,13162,2410,1123052,522,468134,37,8055,3098,971839,853,373007,11,5107
2021-06-24T00:00:00.000,6050,2942263,2599,1596272,3451,1345991,5028,2089383,1004,839766,18,13114,2186,1120642,407,467612,6,8018,2842,968741,597,372154,12,5096
2021-06-23T00:00:00.000,7274,2936213,3007,1593673,4267,1342540,6089,2084355,1163,838762,22,13096,2491,1118456,503,467205,13,8012,3598,965899,660,371557,9,5084
2021-06-22T00:00:00.000,6455,2928939,2596,1590666,3859,1338273,5280,2078266,1161,837599,14,13074,2151,1115965,436,466702,9,7999,3129,962301,725,370897,5,5075
2021-06-21T00:00:00.000,5144,2922484,2588,1588070,2556,1334414,4362,2072986,774,836438,8,13060,2158,1113814,426,466266,4,7990,2204,959172,348,370172,4,5070
2021-06-20T00:00:00.000,2262,2917340,1051,1585482,1211,1331858,1840,2068624,406,835664,16,13052,866,1111656,173,465840,12,7986,974,956968,233,369824,4,5066
2021-06-19T00:00:00.000,6159,2915078,2391,1584431,3768,1330647,4922,2066784,1206,835258,31,13036,1801,1110790,571,465667,19,7974,3121,955994,635,369591,12,5062
2021-06-18T00:00:00.000,6975,2908919,2697,1582040,4278,1326879,5732,2061862,1213,834052,30,13005,2205,1108989,473,465096,19,7955,3527,952873,740,368956,11,5050
2021-06-17T00:00:00.000,6847,2901944,2660,1579343,4187,1322601,5548,2056130,1278,832839,21,12975,2126,1106784,521,464623,13,7936,3422,949346,757,368216,8,5039
2021-06-16T00:00:00.000,8558,2895097,3038,1576683,5520,1318414,6823,2050582,1719,831561,16,12954,2491,1104658,541,464102,6,7923,4332,945924,1178,367459,10,5031
2021-06-15T00:00:00.000,8573,2886539,3301,1573645,5272,1312894,6833,2043759,1713,829842,27,12938,2689,1102167,604,463561,8,7917,4144,941592,1109,366281,19,5021
2021-06-14T00:00:00.000,8959,2877966,3190,1570344,5769,1307622,7189,2036926,1750,828129,20,12911,2682,1099478,501,462957,7,7909,4507,937448,1249,365172,13,5002
2021-06-13T00:00:00.000,4343,2869007,1156,1567154,3187,1301853,3507,2029737,823,826379,13,12891,911,1096796,239,462456,6,7902,2596,932941,584,363923,7,4989
2021-06-12T00:00:00.000,9052,2864664,2733,1565998,6319,1298666,7273,2026230,1753,825556,26,12878,2193,1095885,524,462217,16,7896,5080,930345,1229,363339,10,4982
2021-06-11T00:00:00.000,10813,2855612,3855,1563265,6958,1292347,8850,2018957,1920,823803,43,12852,3052,1093692,786,461693,17,7880,5798,925265,1134,362110,26,4972
2021-06-10T00:00:00.000,9496,2844799,3566,1559410,5930,1285389,7738,2010107,1724,821883,34,12809,2891,1090640,663,460907,12,7863,4847,919467,1061,360976,22,4946
2021-06-09T00:00:00.000,10592,2835303,3501,1555844,7091,1279459,9012,2002369,1557,820159,23,12775,2940,1087749,552,460244,9,7851,6072,914620,1005,359915,14,4924
2021-06-08T00:00:00.000,10482,2824711,3440,1552343,7042,1272368,8743,1993357,1705,818602,34,12752,2744,1084809,682,459692,14,7842,5999,908548,1023,358910,20,4910
2021-06-07T00:00:00.000,10088,2814229,3445,1548903,6643,1265326,8434,1984614,1630,816897,24,12718,2793,1082065,638,459010,14,7828,5641,902549,992,357887,10,4890
2021-06-06T00:00:00.000,6555,2804141,1518,1545458,5037,1258683,5188,1976180,1345,815267,22,12694,1216,1079272,297,458372,5,7814,3972,896908,1048,356895,17,4880
2021-06-05T00:00:00.000,10474,2797586,3451,1543940,7023,1253646,8975,1970992,1463,813922,36,12672,2882,1078056,554,458075,15,7809,6093,892936,909,355847,21,4863
2021-06-04T00:00:00.000,12228,2787112,4286,1540489,7942,1246623,9958,1962017,2223,812459,47,12636,3269,1075174,994,457521,23,7794,6689,886843,1229,354938,24,4842
2021-06-03T00:00:00.000,11484,2774884,3845,1536203,7639,1238681,9291,1952059,2157,810236,36,12589,3040,1071905,787,456527,18,7771,6251,880154,1370,353709,18,4818
2021-06-02T00:00:00.000,10717,2763400,4877,1532358,5840,1231042,8791,1942768,1896,808079,30,12553,4013,1068865,857,455740,7,7753,4778,873903,1039,352339,23,4800
2021-06-01T00:00:00.000,11462,2752683,4707,1527481,6755,1225202,9116,1933977,2305,806183,41,12523,3738,1064852,951,454883,18,7746,5378,869125,1354,351300,23,4777
2021-05-31T00:00:00.000,846,2741221,509,1522774,337,1218447,662,1924861,180,803878,4,12482,391,1061114,118,453932,0,7728,271,863747,62,349946,4,4754
2021-05-30T00:00:00.000,2989,2740375,1686,1522265,1303,1218110,2490,1924199,481,803698,18,12478,1372,1060723,300,453814,14,7728,1118,863476,181,349884,4,4750
2021-05-29T00:00:00.000,8410,2737386,4357,1520579,4053,1216807,6616,1921709,1754,803217,40,12460,3383,1059351,940,453514,34,7714,3233,862358,814,349703,6,4746
2021-05-28T00:00:00.000,12311,2728976,4638,1516222,7673,1212754,9747,1915093,2517,801463,47,12420,3575,1055968,1036,452574,27,7680,6172,859125,1481,348889,20,4740
2021-05-27T00:00:00.000,10581,2716665,4784,1511584,5797,1205081,8499,1905346,2060,798946,22,12373,3766,1052393,1010,451538,8,7653,4733,852953,1050,347408,14,4720
2021-05-26T00:00:00.000,12666,2706084,6095,1506800,6571,1199284,10196,1896847,2439,796886,31,12351,4735,1048627,1344,450528,16,7645,5461,848220,1095,346358,15,4706
2021-05-25T00:00:00.000,12167,2693418,5704,1500705,6463,1192713,9621,1886651,2507,794447,39,12320,4330,1043892,1362,449184,12,7629,5291,842759,1145,345263,27,4691
2021-05-24T00:00:00.000,13035,2681251,6649,1495001,6386,1186250,9835,1877030,3135,791940,65,12281,4908,1039562,1712,447822,29,7617,4927,837468,1423,344118,36,4664
2021-05-23T00:00:00.000,6168,2668216,3695,1488352,2473,1179864,5011,1867195,1115,788805,42,12216,2986,1034654,698,446110,11,7588,2025,832541,417,342695,31,4628
2021-05-22T00:00:00.000,15840,2662048,8198,1484657,7642,1177391,11728,1862184,3793,787690,319,12174,6190,1031668,1938,445412,70,7577,5538,830516,1855,342278,249,4597
2021-05-21T00:00:00.000,18637,2646208,8003,1476459,10634,1169749,14217,1850456,4324,783897,96,11855,6235,1025478,1731,443474,37,7507,7982,824978,2593,340423,59,4348
2021-05-20T00:00:00.000,14663,2627571,6913,1468456,7750,1159115,11798,1836239,2775,779573,90,11759,5525,1019243,1362,441743,26,7470,6273,816996,1413,337830,64,4289
2021-05-19T00:00:00.000,17589,2612908,8493,1461543,9096,1151365,14301,1824441,3201,776798,87,11669,7169,1013718,1294,440381,30,7444,7132,810723,1907,336417,57,4225
2021-05-18T00:00:00.000,18215,2595319,7895,1453050,10320,1142269,14809,1810140,3295,773597,111,11582,6666,1006549,1198,439087,31,7414,8143,803591,2097,334510,80,4168
2021-05-17T00:00:00.000,17537,2577104,7427,1445155,10110,1131949,14069,1795331,3351,770302,117,11471,6158,999883,1243,437889,26,7383,7911,795448,2108,332413,91,4088
2021-05-16T00:00:00.000,10671,2559567,5885,1437728,4786,1121839,8392,1781262,2064,766951,215,11354,4527,993725,1338,436646,20,7357,3865,787537,726,330305,195,3997
2021-05-15T00:00:00.000,19985,2548896,8811,1431843,11174,1117053,16414,1772870,3386,764887,185,11139,7430,989198,1369,435308,12,7337,8984,783672,2017,329579,173,3802
2021-05-14T00:00:00.000,21831,2528911,9148,1423032,12683,1105879,17703,1756456,3935,761501,193,10954,7516,981768,1605,433939,27,7325,10187,774688,2330,327562,166,3629
2021-05-13T00:00:00.000,23314,2507080,7852,1413884,15462,1093196,18661,1738753,4427,757566,226,10761,6319,974252,1504,432334,29,7298,12342,764501,2923,325232,197,3463
2021-05-12T00:00:00.000,18105,2483766,5165,1406032,12940,1077734,14545,1720092,3347,753139,213,10535,4197,967933,944,430830,24,7269,10348,752159,2403,322309,189,3266
2021-05-11T00:00:00.000,19627,2465661,5120,1400867,14507,1064794,16027,1705547,3416,749792,184,10322,4267,963736,831,429886,22,7245,11760,741811,2585,319906,162,3077
2021-05-10T00:00:00.000,13292,2446034,4757,1395747,8535,1050287,10201,1689520,3034,746376,57,10138,3553,959469,1168,429055,36,7223,6648,730051,1866,317321,21,2915
2021-05-09T00:00:00.000,4283,2432742,1690,1390990,2593,1041752,3333,1679319,926,743342,24,10081,1407,955916,262,427887,21,7187,1926,723403,664,315455,3,2894
2021-05-08T00:00:00.000,15740,2428459,4744,1389300,10996,1039159,12875,1675986,2787,742416,78,10057,3674,954509,1018,427625,52,7166,9201,721477,1769,314791,26,2891
2021-05-07T00:00:00.000,19304,2412719,6742,1384556,12562,1028163,14927,1663111,4268,739629,109,9979,5159,950835,1519,426607,64,7114,9768,712276,2749,313022,45,2865
2021-05-06T00:00:00.000,19547,2393415,6184,1377814,13363,1015601,15453,1648184,4011,735361,83,9870,4982,945676,1153,425088,49,7050,10471,702508,2858,310273,34,2820
2021-05-05T00:00:00.000,20825,2373868,7321,1371630,13504,1002238,15742,1632731,4996,731350,87,9787,6094,940694,1183,423935,44,7001,9648,692037,3813,307415,43,2786
2021-05-04T00:00:00.000,19657,2353043,6714,1364309,12943,988734,15440,1616989,4104,726354,113,9700,5388,934600,1249,422752,77,6957,10052,682389,2855,303602,36,2743
2021-05-03T00:00:00.000,15664,2333386,4699,1357595,10965,975791,11881,1601549,3737,722250,46,9587,3615,929212,1048,421503,36,6880,8266,672337,2689,300747,10,2707
2021-05-02T00:00:00.000,7000,2317722,2522,1352896,4478,964826,5176,1589668,1786,718513,38,9541,1962,925597,528,420455,32,6844,3214,664071,1258,298058,6,2697
2021-05-01T00:00:00.000,16048,2310722,5990,1350374,10058,960348,12436,1584492,3527,716727,85,9503,4643,923635,1302,419927,45,6812,7793,660857,2225,296800,40,2691
2021-04-30T00:00:00.000,25904,2294674,11645,1344384,14259,950290,20337,1572056,5258,713200,309,9418,8983,918992,2396,418625,266,6767,11354,653064,2862,294575,43,2651
2021-04-29T00:00:00.000,24214,2268770,8607,1332739,15607,936031,19182,1551719,4933,707942,99,9109,7015,910009,1545,416229,47,6501,12167,641710,3388,291713,52,2608
2021-04-28T00:00:00.000,24831,2244556,9525,1324132,15306,920424,19502,1532537,5229,703009,100,9010,7430,902994,2034,414684,61,6454,12072,629543,3195,288325,39,2556
2021-04-27T00:00:00.000,26745,2219725,8462,1314607,18283,905118,21364,1513035,5249,697780,132,8910,7118,895564,1259,412650,85,6393,14246,617471,3990,285130,47,2517
2021-04-26T00:00:00.000,23031,2192980,9084,1306145,13947,886835,17808,1491671,5086,692531,137,8778,7077,888446,1899,411391,108,6308,10731,603225,3187,281140,29,2470
2021-04-25T00:00:00.000,8930,2169949,4713,1297061,4217,872888,6792,1473863,1926,687445,212,8641,3843,881369,660,409492,210,6200,2949,592494,1266,277953,2,2441
2021-04-24T00:00:00.000,22367,2161019,13032,1292348,9335,868671,17019,1467071,5115,685519,233,8429,9934,877526,2895,408832,203,5990,7085,589545,2220,276687,30,2439
2021-04-23T00:00:00.000,30979,2138652,14110,1279316,16869,859336,23777,1450052,6909,680404,293,8196,11333,867592,2571,405937,206,5787,12444,582460,4338,274467,87,2409
2021-04-22T00:00:00.000,32759,2107673,16590,1265206,16169,842467,24883,1426275,7561,673495,315,7903,13616,856259,2729,403366,245,5581,11267,570016,4832,270129,70,2322
2021-04-21T00:00:00.000,29899,2074914,14433,1248616,15466,826298,22747,1401392,6885,665934,267,7588,11258,842643,2959,400637,216,5336,11489,558749,3926,265297,51,2252
2021-04-20T00:00:00.000,34885,2045015,15182,1234183,19703,810832,25350,1378645,9335,659049,200,7321,11891,831385,3124,397678,167,5120,13459,547260,6211,261371,33,2201
2021-04-19T00:00:00.000,28285,2010130,8282,1219001,20003,791129,21643,1353295,6571,649714,71,7121,6554,819494,1706,394554,22,4953,15089,533801,4865,255160,49,2168
2021-04-18T00:00:00.000,15264,1981845,3614,1210719,11650,771126,11017,1331652,4215,643143,32,7050,2730,812940,875,392848,9,4931,8287,518712,3340,250295,23,2119
2021-04-17T00:00:00.000,23538,1966581,10421,1207105,13117,759476,18509,1320635,4970,638928,59,7018,8511,810210,1891,391973,19,4922,9998,510425,3079,246955,40,2096
2021-04-16T00:00:00.000,30893,1943043,12446,1196684,18447,746359,23271,1302126,7551,633958,71,6959,9270,801699,3130,390082,46,4903,14001,500427,4421,243876,25,2056
2021-04-15T00:00:00.000,32488,1912150,14373,1184238,18115,727912,24749,1278855,7659,626407,80,6888,10976,792429,3349,386952,48,4857,13773,486426,4310,239455,32,2031
2021-04-14T00:00:00.000,31477,1879662,14050,1169865,17427,709797,22839,1254106,8523,618748,115,6808,9941,781453,4056,383603,53,4809,12898,472653,4467,235145,62,1999
2021-04-13T00:00:00.000,31282,1848185,13479,1155815,17803,692370,23692,1231267,7481,610225,109,6693,10592,771512,2838,379547,49,4756,13100,459755,4643,230678,60,1937
2021-04-12T00:00:00.000,29519,1816903,13275,1142336,16244,674567,21834,1207575,7518,602744,167,6584,9981,760920,3187,376709,107,4707,11853,446655,4331,226035,60,1877
2021-04-11T00:00:00.000,17110,1787384,7407,1129061,9703,658323,11961,1185741,5046,595226,103,6417,5463,750939,1868,373522,76,4600,6498,434802,3178,221704,27,1817
2021-04-10T00:00:00.000,29506,1770274,15495,1121654,14011,648620,20946,1173780,8273,590180,287,6314,11346,745476,3890,371654,259,4524,9600,428304,4383,218526,28,1790
2021-04-09T00:00:00.000,40043,1740768,18319,1106159,21724,634609,28570,1152834,11145,581907,328,6027,13621,734130,4430,367764,268,4265,14949,418704,6715,214143,60,1762
2021-04-08T00:00:00.000,39836,1700725,17379,1087840,22457,612885,27182,1124264,12491,570762,163,5699,12629,720509,4608,363334,142,3997,14553,403755,7883,207428,21,1702
2021-04-07T00:00:00.000,36104,1660889,16084,1070461,20020,590428,26622,1097082,9404,558271,78,5536,12250,707880,3774,358726,60,3855,14372,389202,5630,199545,18,1681
2021-04-06T00:00:00.000,37937,1624785,22354,1054377,15583,570408,27823,1070460,10007,548867,107,5458,16640,695630,5638,354952,76,3795,11183,374830,4369,193915,31,1663
2021-04-05T00:00:00.000,29743,1586848,15330,1032023,14413,554825,21668,1042637,8011,538860,64,5351,11212,678990,4079,349314,39,3719,10456,363647,3932,189546,25,1632
2021-04-04T00:00:00.000,11568,1557105,3940,1016693,7628,540412,7747,1020969,3748,530849,73,5287,2432,667778,1502,345235,6,3680,5315,353191,2246,185614,67,1607
2021-04-03T00:00:00.000,25957,1545537,11950,1012753,14007,532784,17672,1013222,8124,527101,161,5214,8475,665346,3365,343733,110,3674,9197,347876,4759,183368,51,1540
2021-04-02T00:00:00.000,34164,1519580,16296,1000803,17868,518777,24342,995550,9696,518977,126,5053,12194,656871,4008,340368,94,3564,12148,338679,5688,178609,32,1489
2021-04-01T00:00:00.000,34900,1485416,19016,984507,15884,500909,23554,971208,11263,509281,83,4927,13381,644677,5576,336360,59,3470,10173,326531,5687,172921,24,1457
2021-03-31T00:00:00.000,33014,1450516,17790,965491,15224,485025,22640,947654,10256,498018,118,4844,13002,631296,4720,330784,68,3411,9638,316358,5536,167234,50,1433
2021-03-30T00:00:00.000,34156,1417502,20279,947701,13877,469801,23504,925014,10552,487762,100,4726,14570,618294,5650,326064,59,3343,8934,306720,4902,161698,41,1383
2021-03-29T00:00:00.000,28381,1383346,20345,927422,8036,455924,21046,901510,7260,477210,75,4626,15275,603724,5019,320414,51,3284,5771,297786,2241,156796,24,1342
2021-03-28T00:00:00.000,13375,1354965,10731,907077,2644,447888,10427,880464,2909,469950,39,4551,8267,588449,2440,315395,24,3233,2160,292015,469,154555,15,1318
2021-03-27T00:00:00.000,24833,1341590,13865,896346,10968,445244,18245,870037,6471,467041,117,4512,10277,580182,3496,312955,92,3209,7968,289855,2975,154086,25,1303
2021-03-26T00:00:00.000,35975,1316757,19709,882481,16266,434276,25046,851792,10789,460570,140,4395,14541,569905,5052,309459,116,3117,10505,281887,5737,151111,24,1278
2021-03-25T00:00:00.000,31919,1280782,19622,862772,12297,418010,22348,826746,9454,449781,117,4255,14394,555364,5125,304407,103,3001,7954,271382,4329,145374,14,1254
2021-03-24T00:00:00.000,29283,1248863,20983,843150,8300,405713,21207,804398,7974,440327,102,4138,15408,540970,5480,299282,95,2898,5799,263428,2494,141045,7,1240
2021-03-23T00:00:00.000,28116,1219580,20702,822167,7414,397413,19676,783191,8351,432353,89,4036,14646,525562,5978,293802,78,2803,5030,257629,2373,138551,11,1233
2021-03-22T00:00:00.000,24383,1191464,18494,801465,5889,389999,17419,763515,6870,424002,94,3947,13251,510916,5161,287824,82,2725,4168,252599,1709,136178,12,1222
2021-03-21T00:00:00.000,14728,1167081,10399,782971,4329,384110,10032,746096,4656,417132,40,3853,7191,497665,3172,282663,36,2643,2841,248431,1484,134469,4,1210
2021-03-20T00:00:00.000,19683,1152353,13771,772572,5912,379781,13792,736064,5822,412476,69,3813,9417,490474,4295,279491,59,2607,4375,245590,1527,132985,10,1206
2021-03-19T00:00:00.000,30509,1132670,23155,758801,7354,373869,20982,722272,9439,406654,88,3744,16059,481057,7023,275196,73,2548,4923,241215,2416,131458,15,1196
2021-03-18T00:00:00.000,29427,1102161,21495,735646,7932,366515,19758,701290,9615,397215,54,3656,14595,464998,6856,268173,44,2475,5163,236292,2759,129042,10,1181
2021-03-17T00:00:00.000,26981,1072734,19604,714151,7377,358583,18669,681532,8272,387600,40,3602,13982,450403,5591,261317,31,2431,4687,231129,2681,126283,9,1171
2021-03-16T00:00:00.000,25834,1045753,17550,694547,8284,351206,17490,662863,8244,379328,100,3562,12226,436421,5230,255726,94,2400,5264,226442,3014,123602,6,1162
2021-03-15T00:00:00.000,24319,1019919,17205,676997,7114,342922,16581,645373,7653,371084,85,3462,11906,424195,5237,250496,62,2306,4675,221178,2416,120588,23,1156
2021-03-14T00:00:00.000,12524,995600,9237,659792,3287,335808,8720,628792,3762,363431,42,3377,6465,412289,2750,245259,22,2244,2255,216503,1012,118172,20,1133
2021-03-13T00:00:00.000,23105,983076,14321,650555,8784,332521,15379,620072,7660,359669,66,3335,9196,405824,5082,242509,43,2222,6183,214248,2578,117160,23,1113
2021-03-12T00:00:00.000,33363,959971,20811,636234,12552,323737,22163,604693,11115,352009,85,3269,13983,396628,6771,237427,57,2179,8180,208065,4344,114582,28,1090
2021-03-11T00:00:00.000,33063,926608,20967,615423,12096,311185,20543,582530,12442,340894,78,3184,13228,382645,7684,230656,55,2122,7315,199885,4758,110238,23,1062
2021-03-10T00:00:00.000,28415,893545,18464,594456,9951,299089,18410,561987,9923,328452,82,3106,12265,369417,6137,222972,62,2067,6145,192570,3786,105480,20,1039
2021-03-09T00:00:00.000,23851,865130,13612,575992,10239,289138,15033,543577,8724,318529,94,3024,8778,357152,4757,216835,77,2005,6255,186425,3967,101694,17,1019
2021-03-08T00:00:00.000,17089,841279,9058,562380,8031,278899,11335,528544,5709,309805,45,2930,6254,348374,2769,212078,35,1928,5081,180170,2940,97727,10,1002
2021-03-07T00:00:00.000,6293,824190,4427,553322,1866,270868,3899,517209,2302,304096,92,2885,2873,342120,1462,209309,92,1893,1026,175089,840,94787,0,992
2021-03-06T00:00:00.000,16577,817897,9468,548895,7109,269002,11199,513310,5322,301794,56,2793,6644,339247,2785,207847,39,1801,4555,174063,2537,93947,17,992
2021-03-05T00:00:00.000,25409,801320,15169,539427,10240,261893,16026,502111,9323,296472,60,2737,9793,332603,5334,205062,42,1762,6233,169508,3989,91410,18,975
2021-03-04T00:00:00.000,24465,775911,13227,524258,11238,251653,15244,486085,9175,287149,46,2677,8586,322810,4608,199728,33,1720,6658,163275,4567,87421,13,957
2021-03-03T00:00:00.000,23835,751446,11286,511031,12549,240415,15809,470841,7976,277974,50,2631,7661,314224,3599,195120,26,1687,8148,156617,4377,82854,24,944
2021-03-02T00:00:00.000,20008,727611,10780,499745,9228,227866,13039,455032,6926,269998,43,2581,7090,306563,3666,191521,24,1661,5949,148469,3260,78477,19,920
2021-03-01T00:00:00.000,17431,707603,9774,488965,7657,218638,11310,441993,6082,263072,39,2538,6479,299473,3270,187855,25,1637,4831,142520,2812,75217,14,901
2021-02-28T00:00:00.000,7626,690172,4845,479191,2781,210981,5218,430683,2386,256990,22,2499,3433,292994,1393,184585,19,1612,1785,137689,993,72405,3,887
2021-02-27T00:00:00.000,17050,682546,11401,474346,5649,208200,12029,425465,4981,254604,40,2477,8581,289561,2785,183192,35,1593,3448,135904,2196,71412,5,884
2021-02-26T00:00:00.000,24415,665496,11791,462945,12624,202551,16270,413436,8100,249623,45,2437,7906,280980,3856,180407,29,1558,8364,132456,4244,69216,16,879
2021-02-25T00:00:00.000,22041,641081,9946,451154,12095,189927,14953,397166,7045,241523,43,2392,6849,273074,3075,176551,22,1529,8104,124092,3970,64972,21,863
2021-02-24T00:00:00.000,19218,619040,9488,441208,9730,177832,12752,382213,6439,234478,27,2349,6571,266225,2908,173476,9,1507,6181,115988,3531,61002,18,842
2021-02-23T00:00:00.000,18659,599822,9852,431720,8807,168102,12089,369461,6531,228039,39,2322,6383,259654,3451,170568,18,1498,5706,109807,3080,57471,21,824
2021-02-22T00:00:00.000,13436,581163,5754,421868,7682,159295,8840,357372,4554,221508,42,2283,3989,253271,1745,167117,20,1480,4851,104101,2809,54391,22,803
2021-02-21T00:00:00.000,4833,567727,2739,416114,2094,151613,2922,348532,1900,216954,11,2241,1795,249282,933,165372,11,1460,1127,99250,967,51582,0,781
2021-02-20T00:00:00.000,9229,562894,4473,413375,4756,149519,6454,345610,2757,215054,18,2230,3268,247487,1195,164439,10,1449,3186,98123,1562,50615,8,781
2021-02-19T00:00:00.000,16616,553665,7106,408902,9510,144763,11040,339156,5508,212297,68,2212,4594,244219,2477,163244,35,1439,6446,94937,3031,49053,33,773
2021-02-18T00:00:00.000,17902,537049,9233,401796,8669,135253,11440,328116,6422,206789,40,2144,5474,239625,3736,160767,23,1404,5966,88491,2686,46022,17,740
2021-02-17T00:00:00.000,14590,519147,7620,392563,6970,126584,9465,316676,5083,200367,42,2104,4665,234151,2927,157031,28,1381,4800,82525,2156,43336,14,723
2021-02-16T00:00:00.000,10467,504557,7316,384943,3151,119614,6406,307211,4045,195284,16,2062,4276,229486,3028,154104,12,1353,2130,77725,1017,41180,4,709
2021-02-15T00:00:00.000,10085,494090,7603,377627,2482,116463,6195,300805,3848,191239,42,2046,4520,225210,3050,151076,33,1341,1675,75595,798,40163,9,705
2021-02-14T00:00:00.000,3554,484005,3056,370024,498,113981,2500,294610,1034,187391,20,2004,2117,220690,919,148026,20,1308,383,73920,115,39365,0,696
2021-02-13T00:00:00.000,13650,480451,10120,366968,3530,113483,9754,292110,3859,186357,37,1984,6999,218573,3086,147107,35,1288,2755,73537,773,39250,2,696
2021-02-12T00:00:00.000,22291,466801,14926,356848,7365,109953,13607,282356,8640,182498,44,1947,8134,211574,6774,144021,18,1253,5473,70782,1866,38477,26,694
2021-02-11T00:00:00.000,24814,444510,16922,341922,7892,102588,14693,268749,10081,173858,40,1903,8739,203440,8156,137247,27,1235,5954,65309,1925,36611,13,668
2021-02-10T00:00:00.000,22314,419696,17478,325000,4836,94696,12710,254056,9556,163777,48,1863,9220,194701,8223,129091,35,1208,3490,59355,1333,34686,13,655
2021-02-09T00:00:00.000,17366,397382,13969,307522,3397,89860,9283,241346,8037,154221,46,1815,6839,185481,7099,120868,31,1173,2444,55865,938,33353,15,642
2021-02-08T00:00:00.000,15315,380016,12289,293553,3026,86463,8481,232063,6793,146184,41,1769,6348,178642,5918,113769,23,1142,2133,53421,875,32415,18,627
2021-02-07T00:00:00.000,3609,364701,2884,281264,725,83437,2252,223582,1356,139391,1,1728,1689,172294,1194,107851,1,1119,563,51288,162,31540,0,609
2021-02-06T00:00:00.000,13235,361092,10655,278380,2580,82712,7202,221330,5990,138035,43,1727,5536,170605,5097,106657,22,1118,1666,50725,893,31378,21,609
2021-02-05T00:00:00.000,22730,347857,17453,267725,5277,80132,13880,214128,8779,132045,71,1684,10239,165069,7183,101560,31,1096,3641,49059,1596,30485,40,588
2021-02-04T00:00:00.000,21452,325127,17531,250272,3921,74855,12751,200248,8641,123266,60,1613,10179,154830,7314,94377,38,1065,2572,45418,1327,28889,22,548
2021-02-03T00:00:00.000,17894,303675,14114,232741,3780,70934,10376,187497,7452,114625,66,1553,7932,144651,6156,87063,26,1027,2444,42846,1296,27562,40,526
2021-02-02T00:00:00.000,16413,285781,12351,218627,4062,67154,9462,177121,6899,107173,52,1487,6854,136719,5467,80907,30,1001,2608,40402,1432,26266,22,486
2021-02-01T00:00:00.000,12092,269368,10151,206276,1941,63092,6543,167659,5523,100274,26,1435,5202,129865,4930,75440,19,971,1341,37794,593,24834,7,464
2021-01-31T00:00:00.000,3167,257276,2632,196125,535,61151,2084,161116,1079,94751,4,1409,1696,124663,933,70510,3,952,388,36453,146,24241,1,457
2021-01-30T00:00:00.000,9726,254109,8065,193493,1661,60616,5307,159032,4405,93672,14,1405,4283,122967,3775,69577,7,949,1024,36065,630,24095,7,456
2021-01-29T00:00:00.000,16710,244383,14676,185428,2034,58955,10039,153725,6619,89267,52,1391,8915,118684,5730,65802,31,942,1124,35041,889,23465,21,449
2021-01-28T00:00:00.000,16603,227673,13652,170752,2951,56921,9964,143686,6580,82648,59,1339,8267,109769,5355,60072,30,911,1697,33917,1225,22576,29,428
2021-01-27T00:00:00.000,14605,211070,10918,157100,3687,53970,9187,133722,5363,76068,55,1280,7012,101502,3883,54717,23,881,2175,32220,1480,21351,32,399
2021-01-26T00:00:00.000,12108,196465,8062,146182,4046,50283,7659,124535,4404,70705,45,1225,5057,94490,2987,50834,18,858,2602,30045,1417,19871,27,367
2021-01-25T00:00:00.000,10132,184357,6780,138120,3352,46237,6246,116876,3814,66301,72,1180,4338,89433,2416,47847,26,840,1908,27443,1398,18454,46,340
2021-01-24T00:00:00.000,2104,174225,1926,131340,178,42885,1131,110630,973,62487,0,1108,1039,85095,887,45431,0,814,92,25535,86,17056,0,294
2021-01-23T00:00:00.000,4855,172121,4271,129414,584,42707,3486,109499,1359,61514,10,1108,3134,84056,1129,44544,8,814,352,25443,230,16970,2,294
2021-01-22T00:00:00.000,11268,167266,9809,125143,1459,42123,7916,106013,3323,60155,29,1098,7085,80922,2696,43415,28,806,831,25091,627,16740,1,292
2021-01-21T00:00:00.000,12226,155998,9353,115334,2873,40664,8557,98097,3630,56832,39,1069,6914,73837,2417,40719,22,778,1643,24260,1213,16113,17,291
2021-01-20T00:00:00.000,10391,143772,5966,105981,4425,37791,6413,89540,3899,53202,79,1030,3954,66923,1996,38302,16,756,2459,22617,1903,14900,63,274
2021-01-19T00:00:00.000,7018,133381,3580,100015,3438,33366,4610,83127,2382,49303,26,951,2622,62969,945,36306,13,740,1988,20158,1437,12997,13,211
2021-01-18T00:00:00.000,5315,126363,2915,96435,2400,29928,3324,78517,1965,46921,26,925,1893,60347,1002,35361,20,727,1431,18170,963,11560,6,198
2021-01-17T00:00:00.000,1390,121048,724,93520,666,27528,927,75193,462,44956,1,899,510,58454,213,34359,1,707,417,16739,249,10597,0,192
2021-01-16T00:00:00.000,3548,119658,2962,92796,586,26862,2303,74266,1220,44494,25,898,1913,57944,1027,34146,22,706,390,16322,193,10348,3,192
2021-01-15T00:00:00.000,5034,116110,4264,89834,770,26276,3076,71963,1910,43274,48,873,2579,56031,1639,33119,46,684,497,15932,271,10155,2,189
2021-01-14T00:00:00.000,5214,111076,3969,85570,1245,25506,3246,68887,1925,41364,43,825,2549,53452,1387,31480,33,638,697,15435,538,9884,10,187
2021-01-13T00:00:00.000,8223,105862,4616,81601,3607,24261,5022,65641,3128,39439,73,782,3048,50903,1521,30093,47,605,1974,14738,1607,9346,26,177
2021-01-12T00:00:00.000,8253,97639,3965,76985,4288,20654,5146,60619,3063,36311,44,709,2620,47855,1324,28572,21,558,2526,12764,1739,7739,23,151
2021-01-11T00:00:00.000,6107,89386,2073,73020,4034,16366,3982,55473,2093,33248,32,665,1424,45235,639,27248,10,537,2558,10238,1454,6000,22,128
2021-01-10T00:00:00.000,1567,83279,892,70947,675,12332,1080,51491,479,31155,8,633,679,43811,210,26609,3,527,401,7680,269,4546,5,106
2021-01-09T00:00:00.000,3856,81712,1733,70055,2123,11657,2472,50411,1369,30676,15,625,1095,43132,629,26399,9,524,1377,7279,740,4277,6,101
2021-01-08T00:00:00.000,9945,77856,4792,68322,5153,9534,6404,47939,3455,29307,86,610,3181,42037,1565,25770,46,515,3223,5902,1890,3537,40,95
2021-01-07T00:00:00.000,6280,67911,3696,63530,2584,4381,4015,41535,2190,25852,75,524,2403,38856,1257,24205,36,469,1612,2679,933,1647,39,55
2021-01-06T00:00:00.000,4765,61631,3840,59834,925,1797,2832,37520,1894,23662,39,449,2322,36453,1492,22948,26,433,510,1067,402,714,13,16
2021-01-05T00:00:00.000,5149,56866,4675,55994,474,872,3306,34688,1816,21768,27,410,2999,34131,1651,21456,25,407,307,557,165,312,2,3
2021-01-04T00:00:00.000,4280,51717,3930,51319,350,398,2592,31382,1636,19952,52,383,2368,31132,1511,19805,51,382,224,250,125,147,1,1
2021-01-03T00:00:00.000,1304,47437,1256,47389,48,48,836,28790,466,18316,2,331,810,28764,444,18294,2,331,26,26,22,22,0,0
2021-01-02T00:00:00.000,1352,46133,1352,46133,0,0,926,27954,425,17850,1,329,926,27954,425,17850,1,329,0,0,0,0,0,0
2021-01-01T00:00:00.000,237,44781,237,44781,0,0,175,27028,61,17425,1,328,175,27028,61,17425,1,328,0,0,0,0,0,0
2020-12-31T00:00:00.000,2542,44544,2542,44544,0,0,1409,26853,1118,17364,15,327,1409,26853,1118,17364,15,327,0,0,0,0,0,0
2020-12-30T00:00:00.000,6626,42002,6626,42002,0,0,4031,25444,2524,16246,71,312,4031,25444,2524,16246,71,312,0,0,0,0,0,0
2020-12-29T00:00:00.000,5142,35376,5142,35376,0,0,3206,21413,1927,13722,9,241,3206,21413,1927,13722,9,241,0,0,0,0,0,0
2020-12-28T00:00:00.000,3523,30234,3523,30234,0,0,2139,18207,1368,11795,16,232,2139,18207,1368,11795,16,232,0,0,0,0,0,0
2020-12-27T00:00:00.000,21,26711,21,26711,0,0,7,16068,8,10427,6,216,7,16068,8,10427,6,216,0,0,0,0,0,0
2020-12-26T00:00:00.000,603,26690,603,26690,0,0,367,16061,231,10419,5,210,367,16061,231,10419,5,210,0,0,0,0,0,0
2020-12-25T00:00:00.000,4,26087,4,26087,0,0,4,15694,0,10188,0,205,4,15694,0,10188,0,205,0,0,0,0,0,0
2020-12-24T00:00:00.000,1388,26083,1388,26083,0,0,762,15690,612,10188,14,205,762,15690,612,10188,14,205,0,0,0,0,0,0
2020-12-23T00:00:00.000,4227,24695,4227,24695,0,0,2377,14928,1820,9576,30,191,2377,14928,1820,9576,30,191,0,0,0,0,0,0
2020-12-22T00:00:00.000,5015,20468,5015,20468,0,0,2999,12551,1993,7756,23,161,2999,12551,1993,7756,23,161,0,0,0,0,0,0
2020-12-21T00:00:00.000,4574,15453,4574,15453,0,0,2875,9552,1671,5763,28,138,2875,9552,1671,5763,28,138,0,0,0,0,0,0
2020-12-20T00:00:00.000,748,10879,748,10879,0,0,379,6677,365,4092,4,110,379,6677,365,4092,4,110,0,0,0,0,0,0
2020-12-19T00:00:00.000,2830,10131,2830,10131,0,0,1761,6298,1018,3727,51,106,1761,6298,1018,3727,51,106,0,0,0,0,0,0
2020-12-18T00:00:00.000,5617,7301,5617,7301,0,0,3500,4537,2068,2709,49,55,3500,4537,2068,2709,49,55,0,0,0,0,0,0
2020-12-17T00:00:00.000,1511,1684,1511,1684,0,0,931,1037,575,641,5,6,931,1037,575,641,5,6,0,0,0,0,0,0
2020-12-16T00:00:00.000,148,173,148,173,0,0,86,106,61,66,1,1,86,106,61,66,1,1,0,0,0,0,0,0
2020-12-15T00:00:00.000,25,25,25,25,0,0,20,20,5,5,0,0,20,20,5,5,0,0,0,0,0,0,0,0
