date,ventilators_total_capacity,ventilators_in_use_total,ventilators_in_use_covid_19,ventilators_in_use_covid_19_patients,ventilators_in_use_covid_19_pui,ventilators_in_use_non_covid_19,ventilators_available_total,ventilators_available_hospital,ventilators_available_eamc_cache,icu_beds_total_capacity,icu_beds_adult,icu_beds_pediatric,icu_beds_in_use_total,icu_beds_in_use_covid_19,icu_beds_in_use_covid_19_patients,icu_beds_in_use_covid_19_pui,icu_beds_in_use_non_covid_19,icu_beds_available_total,icu_beds_available_adult,icu_beds_available_pediatric,acute_non_icu_beds_total_capacity,acute_non_icu_beds_in_use_total,acute_non_icu_beds_in_use_covid_19,acute_non_icu_beds_in_use_covid_19_patients,acute_non_icu_beds_in_use_covid_19_pui,acute_non_icu_beds_in_use_non_covid_19,acute_non_icu_beds_available_total,combined_hospital_beds_in_use_covid_19,daily_update_pdf
2023-02-19T00:00:00.000,1672,549,19,19,0,530,1123,1073,50,1002,835,167,800,39,34,5,761,202,168,34,6923,5526,202,160,42,5324,1397,241,
2023-02-18T00:00:00.000,1672,525,20,17,3,505,1147,1097,50,1002,835,167,809,41,34,7,768,193,155,38,6935,5710,235,142,93,5475,1225,276,
2023-02-17T00:00:00.000,1688,516,18,15,3,498,1172,1122,50,1001,834,167,796,47,41,6,749,205,175,30,6938,6008,223,142,81,5785,930,270,
2023-02-16T00:00:00.000,1673,534,17,17,0,517,1139,1089,50,1001,834,167,810,43,37,6,767,191,157,34,6943,5962,238,158,80,5724,981,281,
2023-02-15T00:00:00.000,1668,500,23,20,3,477,1168,1118,50,1001,834,167,808,54,43,11,754,193,163,30,6948,5891,265,193,72,5626,1057,319,
2023-02-14T00:00:00.000,1663,468,21,19,2,447,1195,1145,50,1003,836,167,792,54,46,8,738,211,177,34,6925,5801,246,192,54,5555,1124,300,
2023-02-13T00:00:00.000,1668,489,19,14,5,470,1179,1129,50,1001,834,167,790,42,35,7,748,211,173,38,6925,5724,200,163,37,5524,1201,242,
2023-02-12T00:00:00.000,1674,488,19,17,2,469,1186,1136,50,999,832,167,798,37,32,5,761,201,157,44,6925,5714,192,153,39,5522,1211,229,
2023-02-11T00:00:00.000,1675,691,17,14,3,674,984,934,50,1000,833,167,813,45,34,11,768,187,147,40,6927,5741,169,131,38,5572,1186,214,
2023-02-10T00:00:00.000,1675,505,14,14,0,491,1170,1120,50,1000,833,167,831,37,28,9,794,169,145,24,6934,5863,178,139,39,5685,1071,215,
2023-02-09T00:00:00.000,1675,474,10,7,3,464,1201,1151,50,1000,833,167,826,40,27,13,786,174,142,32,6935,5843,188,136,52,5655,1092,228,
2023-02-08T00:00:00.000,1691,493,16,13,3,477,1198,1148,50,1001,834,167,827,51,33,18,776,174,145,29,6928,5819,193,152,41,5626,1109,244,
2023-02-07T00:00:00.000,1670,514,11,10,1,503,1156,1106,50,1001,834,167,809,48,36,12,761,192,152,40,6925,5766,192,142,50,5574,1159,240,
2023-02-06T00:00:00.000,1690,527,20,17,3,507,1163,1113,50,1000,833,167,785,47,38,9,738,215,175,40,6920,5676,195,142,53,5481,1244,242,
2023-02-05T00:00:00.000,1692,504,22,20,2,482,1188,1138,50,1000,833,167,772,40,35,5,732,228,190,38,6922,5596,152,120,32,5444,1326,192,
2023-02-04T00:00:00.000,1695,687,19,17,2,668,1008,958,50,1000,833,167,784,34,31,3,750,216,176,40,6927,5665,160,122,38,5505,1262,194,
2023-02-03T00:00:00.000,1695,505,17,16,1,488,1190,1140,50,1000,833,167,786,34,29,5,752,214,187,27,6919,5766,187,132,55,5579,1153,221,
2023-02-02T00:00:00.000,1695,485,16,15,1,469,1210,1160,50,1000,833,167,781,30,28,2,751,219,189,30,6925,5835,165,128,37,5670,1090,195,
2023-02-01T00:00:00.000,1694,611,26,24,2,585,1083,1033,50,1002,835,167,778,31,26,5,747,224,199,25,6942,5790,187,140,47,5603,1152,218,
2023-01-31T00:00:00.000,1642,612,24,21,3,588,1030,980,50,1002,835,167,792,37,32,5,755,210,176,34,6919,5771,194,151,43,5577,1148,231,
2023-01-30T00:00:00.000,1671,470,24,18,6,446,1201,1151,50,1002,835,167,769,38,30,8,731,233,188,45,6932,5637,202,156,46,5435,1295,240,
2023-01-29T00:00:00.000,1684,470,21,15,6,449,1214,1164,50,1000,833,167,754,32,27,5,722,246,200,46,6919,5760,191,147,44,5569,1159,223,
2023-01-28T00:00:00.000,1684,474,20,18,2,454,1210,1160,50,1002,835,167,790,32,26,6,758,212,166,46,6934,5875,178,144,34,5697,1059,210,
2023-01-27T00:00:00.000,1691,469,22,21,1,447,1222,1172,50,1000,833,167,790,34,30,4,756,210,176,34,6940,5864,200,166,34,5664,1076,234,
2023-01-26T00:00:00.000,1684,479,22,20,2,457,1205,1155,50,1002,835,167,800,40,33,7,760,202,168,34,6936,5868,209,167,42,5659,1068,249,
2023-01-25T00:00:00.000,1670,465,22,19,3,443,1205,1155,50,1004,837,167,814,42,31,11,772,190,155,35,6933,5854,233,177,56,5621,1079,275,
2023-01-24T00:00:00.000,1691,479,28,23,5,451,1212,1162,50,1004,837,167,790,37,32,5,753,214,175,39,6931,5857,252,193,59,5605,1074,289,
2023-01-23T00:00:00.000,1691,461,25,23,2,436,1230,1180,50,1000,833,167,760,39,34,5,721,240,194,46,6933,5646,259,213,46,5387,1287,298,
2023-01-22T00:00:00.000,1691,505,21,17,4,484,1186,1136,50,1000,833,167,775,40,34,6,735,225,177,48,6928,5597,209,175,34,5388,1331,249,
2023-01-21T00:00:00.000,1692,498,27,23,4,471,1194,1144,50,1000,833,167,694,38,33,5,656,306,259,47,6933,5751,208,172,36,5543,1182,246,
2023-01-20T00:00:00.000,1681,490,25,22,3,465,1191,1141,50,999,832,167,802,48,41,7,754,197,152,45,6930,5832,190,152,38,5642,1098,238,
2023-01-19T00:00:00.000,1685,509,27,23,4,482,1176,1126,50,1000,833,167,795,49,41,8,746,205,162,43,6932,5856,235,178,57,5621,1076,284,
2023-01-18T00:00:00.000,1651,563,26,22,4,537,1088,1038,50,999,832,167,809,47,37,10,762,190,149,41,6929,5871,256,204,52,5615,1058,303,
2023-01-17T00:00:00.000,1650,381,30,23,7,351,1269,1219,50,1003,836,167,780,49,38,11,731,223,174,49,6932,5751,260,210,50,5491,1181,309,
2023-01-16T00:00:00.000,1635,428,33,28,5,395,1207,1157,50,999,832,167,758,47,41,6,711,241,190,51,6927,5648,265,208,57,5383,1279,312,
2023-01-15T00:00:00.000,1635,491,24,20,4,467,1144,1094,50,999,832,167,801,52,43,9,749,198,154,44,6912,5623,243,202,41,5380,1289,295,
2023-01-14T00:00:00.000,1657,587,23,21,2,564,1070,1020,50,999,832,167,778,47,36,11,731,221,174,47,6925,5807,281,222,59,5526,1118,328,
2023-01-13T00:00:00.000,1657,452,28,24,4,424,1205,1155,50,999,832,167,789,44,36,8,745,210,168,42,6928,5829,299,236,63,5530,1099,343,
2023-01-12T00:00:00.000,1635,503,27,24,3,476,1132,1082,50,999,832,167,818,46,42,4,772,181,141,40,6928,5944,305,253,52,5639,984,351,
2023-01-11T00:00:00.000,1635,478,28,22,6,450,1157,1107,50,999,832,167,808,47,36,11,761,191,151,40,6911,5884,305,247,58,5579,1027,352,
2023-01-10T00:00:00.000,1636,595,26,23,3,569,1041,991,50,1001,834,167,808,51,46,5,757,193,147,46,6903,5871,281,226,55,5590,1032,332,
2023-01-09T00:00:00.000,1641,464,23,21,2,441,1177,1127,50,994,827,167,796,46,40,6,750,198,160,38,6855,5721,284,230,54,5437,1134,330,
2023-01-08T00:00:00.000,1624,446,33,33,0,413,1178,1128,50,1001,834,167,783,53,47,6,730,218,170,48,6900,5622,291,253,38,5331,1278,344,
2023-01-07T00:00:00.000,1625,434,28,27,1,406,1191,1141,50,1001,834,167,802,60,50,10,742,199,154,45,6908,5849,285,253,32,5564,1059,345,
2023-01-06T00:00:00.000,1625,510,38,35,3,472,1115,1065,50,1001,834,167,796,78,65,13,718,205,158,47,6897,5779,326,267,59,5453,1118,404,
2023-01-05T00:00:00.000,1451,247,33,32,1,214,1204,1154,50,1001,834,167,810,67,61,6,743,191,145,46,6901,5840,370,295,75,5470,1061,437,
2023-01-04T00:00:00.000,1450,441,19,19,0,422,1009,959,50,1001,834,167,852,58,54,4,794,149,105,44,6900,6013,267,211,56,5746,887,325,
2023-01-03T00:00:00.000,1466,292,37,31,6,255,1174,1124,50,1002,835,167,794,75,63,12,719,208,168,40,6898,5604,364,296,68,5240,1294,439,
2023-01-02T00:00:00.000,1466,326,42,36,6,284,1140,1090,50,1003,836,167,776,74,62,12,702,227,185,42,6894,5571,334,278,56,5237,1323,408,
2023-01-01T00:00:00.000,1466,290,44,39,5,246,1176,1126,50,1002,835,167,788,77,62,15,711,214,171,43,6887,5274,330,287,43,4944,1613,407,
2022-12-31T00:00:00.000,1445,307,32,29,3,275,1138,1088,50,1003,836,167,774,60,51,9,714,229,176,53,6883,5501,362,298,64,5139,1382,422,
2022-12-30T00:00:00.000,1646,467,41,33,8,426,1179,1129,50,1001,834,167,792,61,55,6,731,209,161,48,6891,5632,349,279,70,5283,1259,410,
2022-12-29T00:00:00.000,1646,582,35,31,4,547,1064,1014,50,1002,835,167,797,74,59,15,723,205,161,44,6900,5608,373,294,79,5235,1292,447,
2022-12-28T00:00:00.000,1646,452,36,30,6,416,1194,1144,50,1003,836,167,787,72,63,9,715,216,172,44,6895,5577,353,282,71,5224,1318,425,
2022-12-27T00:00:00.000,1639,483,31,27,4,452,1156,1106,50,1004,837,167,761,66,57,9,695,243,191,52,6909,5425,338,273,65,5087,1484,404,
2022-12-26T00:00:00.000,1639,423,31,27,4,392,1216,1166,50,1003,836,167,732,73,64,9,659,271,218,53,6915,5081,344,274,70,4737,1834,417,
2022-12-25T00:00:00.000,1635,462,31,29,2,431,1173,1123,50,1000,833,167,715,62,56,6,653,285,225,60,6909,4855,331,267,64,4524,2054,393,
2022-12-24T00:00:00.000,1635,479,38,31,7,441,1156,1106,50,1000,833,167,751,60,51,9,691,249,199,50,6915,5054,329,275,54,4725,1861,389,
2022-12-23T00:00:00.000,1657,437,42,30,12,395,1220,1170,50,1002,835,167,771,63,56,7,708,231,176,55,6915,5313,330,276,54,4983,1602,393,
2022-12-22T00:00:00.000,1635,480,88,85,3,392,1155,1105,50,1002,835,167,779,64,57,7,715,223,177,46,6901,5479,340,282,58,5139,1422,404,
2022-12-21T00:00:00.000,1657,495,25,23,2,470,1162,1112,50,1004,837,167,802,62,55,7,740,202,163,39,6928,5791,390,306,84,5401,1137,452,
2022-12-20T00:00:00.000,1657,498,29,25,4,469,1159,1109,50,1004,837,167,809,63,52,11,746,195,154,41,6918,5855,377,295,82,5478,1063,440,
2022-12-19T00:00:00.000,1657,466,28,25,3,438,1191,1141,50,1011,844,167,813,63,54,9,750,198,150,48,6921,5705,393,298,95,5312,1216,456,
2022-12-18T00:00:00.000,1635,462,27,20,7,435,1173,1123,50,1013,846,167,833,60,47,13,773,180,142,38,6926,5740,328,274,54,5412,1186,388,
2022-12-17T00:00:00.000,1657,496,23,15,8,473,1161,1111,50,1013,846,167,836,68,54,14,768,177,141,36,6924,5895,299,252,47,5596,1029,367,
2022-12-16T00:00:00.000,1642,447,23,18,5,424,1195,1145,50,1012,845,167,863,68,59,9,795,149,131,18,6937,5966,350,273,77,5616,971,418,
2022-12-15T00:00:00.000,1631,454,21,17,4,433,1177,1127,50,1012,845,167,863,66,54,12,797,149,131,18,6937,5902,371,267,104,5531,1035,437,
2022-12-14T00:00:00.000,1632,540,22,15,7,518,1092,1042,50,1011,844,167,845,66,48,18,759,186,157,29,6920,5972,352,249,103,5620,948,438,
2022-12-13T00:00:00.000,1631,483,24,15,9,459,1148,1098,50,1011,844,167,837,62,45,17,775,174,145,29,6931,5943,355,273,82,5588,988,417,
2022-12-12T00:00:00.000,1653,509,28,20,8,481,1144,1094,50,1009,842,167,803,57,44,13,746,206,177,29,6945,5965,309,264,45,5656,980,366,
2022-12-11T00:00:00.000,1653,519,25,19,6,494,1134,1084,50,1009,842,167,845,57,43,14,788,164,134,30,6952,5963,281,219,62,5682,989,338,
2022-12-10T00:00:00.000,1633,485,27,21,6,458,1148,1098,50,1011,844,167,842,56,43,13,786,169,141,28,6966,5905,299,227,72,5606,1061,355,
2022-12-09T00:00:00.000,1633,491,29,21,8,462,1142,1092,50,1011,844,167,862,58,43,15,804,149,127,22,6955,6021,290,237,53,5731,934,348,
2022-12-08T00:00:00.000,1652,469,31,25,6,438,1183,1133,50,1011,844,167,859,63,50,13,796,152,122,30,6967,5901,347,254,93,5554,1066,410,
2022-12-07T00:00:00.000,1644,519,24,20,4,495,1125,1075,50,1011,844,167,870,57,47,10,813,141,123,18,6965,5931,310,220,90,5621,1034,367,
2022-12-06T00:00:00.000,1654,516,21,19,2,495,1138,1088,50,1011,844,167,839,55,45,10,784,172,149,23,6965,5985,307,239,68,5678,980,362,
2022-12-05T00:00:00.000,1633,663,27,20,7,636,970,920,50,1009,842,167,835,57,46,11,778,174,154,20,6970,5897,292,236,56,5605,1073,349,
2022-12-04T00:00:00.000,1704,573,17,14,3,556,1131,1081,50,1026,859,167,854,48,44,4,806,172,153,19,7071,6033,302,214,88,5731,1038,350,
2022-12-03T00:00:00.000,1704,597,17,12,5,580,1107,1057,50,1025,858,167,857,47,40,7,810,168,145,23,7072,6175,237,206,31,5938,897,284,
2022-12-02T00:00:00.000,1687,592,16,13,3,576,1095,1045,50,1025,858,167,863,47,41,6,816,162,147,15,7079,5953,252,205,47,5701,1126,299,
2022-12-01T00:00:00.000,1676,554,15,11,4,539,1122,1072,50,1013,846,167,882,53,42,11,829,131,120,11,6958,6125,297,235,62,5828,833,350,
2022-11-30T00:00:00.000,1673,715,16,11,5,699,958,908,50,1011,844,167,920,42,35,7,878,91,73,18,6958,6071,261,209,52,5810,887,303,
2022-11-29T00:00:00.000,1659,537,17,13,4,520,1122,1072,50,1013,846,167,900,58,47,11,842,113,90,23,6967,6037,271,220,51,5766,930,329,
2022-11-28T00:00:00.000,1669,543,24,18,6,519,1126,1076,50,1012,845,167,846,62,45,17,784,166,147,19,6969,5810,263,223,40,5547,1159,325,
2022-11-27T00:00:00.000,1669,501,20,18,2,481,1168,1118,50,1013,846,167,861,48,40,8,813,152,139,13,6959,5843,201,172,29,5642,1116,249,
2022-11-26T00:00:00.000,1670,524,17,15,2,507,1146,1096,50,1012,845,167,855,45,37,8,810,157,143,14,6963,5747,210,163,47,5537,1216,255,
2022-11-25T00:00:00.000,1670,510,15,12,3,495,1160,1110,50,1012,845,167,844,41,33,8,803,168,153,15,6969,5626,197,160,37,5429,1343,238,
2022-11-24T00:00:00.000,1660,554,19,15,4,535,1106,1056,50,1011,844,167,848,49,28,21,799,163,140,23,6968,5674,186,150,36,5488,1294,235,
2022-11-23T00:00:00.000,1658,627,15,12,3,612,1031,981,50,1011,844,167,840,36,29,7,804,171,147,24,6976,5939,217,182,35,5722,1037,253,
2022-11-22T00:00:00.000,1669,486,14,8,6,472,1183,1133,50,1012,845,167,841,38,29,9,803,171,154,17,6984,5898,243,195,48,5655,1086,281,
2022-11-21T00:00:00.000,1660,485,17,12,5,468,1175,1125,50,1013,846,167,836,33,27,6,803,177,159,18,6974,5791,233,188,45,5558,1183,266,
2022-11-20T00:00:00.000,1658,510,15,10,5,495,1148,1098,50,1002,835,167,816,30,22,8,786,186,169,17,6980,5809,241,197,44,5568,1171,271,
2022-11-19T00:00:00.000,1687,634,10,8,2,624,1053,1003,50,1001,834,167,837,27,19,8,810,164,149,15,6989,5929,239,187,52,5690,1060,266,
2022-11-18T00:00:00.000,1687,719,17,13,4,702,968,918,50,1001,834,167,857,34,26,8,823,144,135,9,6995,5824,265,194,71,5559,1171,299,
2022-11-17T00:00:00.000,1671,564,20,17,3,544,1107,1057,50,1003,836,167,867,36,27,9,831,136,125,11,6987,5856,236,176,60,5620,1131,272,
2022-11-16T00:00:00.000,1674,562,18,16,2,544,1112,1062,50,1003,836,167,874,48,36,12,826,129,117,12,6986,5966,256,183,73,5710,1020,304,
2022-11-15T00:00:00.000,1674,706,25,17,8,681,968,918,50,1001,834,167,857,51,37,14,806,144,130,14,6995,5971,235,193,42,5736,1024,286,
2022-11-14T00:00:00.000,1684,524,25,19,6,499,1160,1110,50,1001,834,167,832,51,38,13,781,169,161,8,6994,5772,246,197,49,5526,1222,297,
2022-11-13T00:00:00.000,1684,531,23,17,6,508,1153,1103,50,1001,834,167,839,53,40,13,786,162,153,9,6992,5860,215,166,49,5645,1132,268,
2022-11-12T00:00:00.000,1676,509,20,18,2,489,1167,1117,50,1003,836,167,864,45,37,8,819,139,131,8,6996,5998,246,195,51,5752,998,291,
2022-11-11T00:00:00.000,1675,531,19,16,3,512,1144,1094,50,999,832,167,868,45,35,10,823,131,124,7,6991,6073,218,176,42,5855,918,263,
2022-11-10T00:00:00.000,1685,551,21,17,4,530,1134,1084,50,999,832,167,875,51,41,10,824,124,120,4,6994,6087,231,188,43,5856,907,282,
2022-11-09T00:00:00.000,1685,601,14,13,1,587,1084,1034,50,1003,836,167,888,65,54,11,823,115,109,6,7000,6210,239,169,70,5971,790,304,
2022-11-08T00:00:00.000,1684,582,21,19,2,561,1102,1052,50,1001,834,167,842,50,45,5,792,159,157,2,6991,5913,235,166,69,5678,1078,285,
2022-11-07T00:00:00.000,1684,703,16,15,1,687,981,931,50,1001,834,167,848,61,53,8,787,153,149,4,7002,5963,221,164,57,5742,1039,282,
2022-11-06T00:00:00.000,1685,636,19,17,2,617,1049,999,50,1001,834,167,850,49,41,8,801,151,144,7,7003,5943,191,148,43,5752,1060,240,
2022-11-05T00:00:00.000,1683,569,15,14,1,554,1114,1064,50,1002,835,167,856,42,34,8,814,146,136,10,6990,6119,187,143,44,5932,871,229,
2022-11-04T00:00:00.000,1683,506,20,18,2,486,1177,1127,50,1004,837,167,846,42,34,8,804,158,148,10,6998,5992,224,168,56,5768,1006,266,
2022-11-03T00:00:00.000,1673,517,21,17,4,496,1156,1106,50,1004,837,167,863,52,41,11,811,141,136,5,7003,6108,201,148,53,5907,895,253,
2022-11-02T00:00:00.000,1684,632,19,17,2,613,1052,1002,50,1004,837,167,841,42,34,8,799,163,159,4,6994,5961,206,155,51,5755,1033,248,
2022-11-01T00:00:00.000,1694,665,26,18,8,639,1029,979,50,1003,836,167,845,52,41,11,793,158,149,9,7002,5867,179,141,38,5688,1135,231,
2022-10-31T00:00:00.000,1684,502,25,22,3,477,1182,1132,50,1002,835,167,804,47,40,7,757,198,186,12,6977,5789,212,160,52,5577,1188,259,
2022-10-30T00:00:00.000,1684,495,26,19,7,469,1189,1139,50,999,832,167,830,46,40,6,784,169,162,7,6985,5751,216,163,53,5535,1234,262,
2022-10-29T00:00:00.000,1672,516,27,22,5,489,1156,1106,50,1001,834,167,847,54,40,14,793,154,148,6,6996,5927,186,154,32,5741,1069,240,
2022-10-28T00:00:00.000,1672,511,22,18,4,489,1161,1111,50,1001,834,167,822,47,37,10,775,179,169,10,6976,6104,219,171,48,5885,872,266,
2022-10-27T00:00:00.000,1685,663,18,17,1,645,1022,972,50,1001,834,167,860,41,35,6,819,141,137,4,6982,6097,201,164,37,5896,885,242,
2022-10-26T00:00:00.000,1672,580,29,23,6,551,1092,1042,50,1003,836,167,852,57,46,11,795,151,145,6,6971,6119,212,173,39,5907,852,269,
2022-10-25T00:00:00.000,1686,518,30,23,7,488,1168,1118,50,1001,834,167,850,53,41,12,797,151,143,8,6980,6034,227,164,63,5807,946,280,
2022-10-24T00:00:00.000,1675,504,26,19,7,478,1171,1121,50,1001,834,167,814,44,35,9,770,187,173,14,6984,5921,209,162,47,5712,1063,253,
2022-10-23T00:00:00.000,1675,495,28,24,4,467,1180,1130,50,1001,834,167,849,43,35,8,806,152,146,6,6984,6065,214,160,54,5851,919,257,
2022-10-22T00:00:00.000,1685,494,25,19,6,469,1191,1141,50,1001,834,167,867,42,32,10,825,134,128,6,6985,6034,191,148,43,5843,951,233,
2022-10-21T00:00:00.000,1685,506,21,17,4,485,1179,1129,50,999,832,167,854,39,33,6,815,145,141,4,6994,6097,213,147,66,5884,897,252,
2022-10-20T00:00:00.000,1676,480,22,16,6,458,1196,1146,50,999,832,167,834,41,31,10,793,165,163,2,6967,5972,225,154,71,5747,995,266,
2022-10-19T00:00:00.000,1678,464,13,11,2,451,1214,1164,50,999,832,167,848,35,28,7,813,151,147,4,6981,5980,217,148,69,5763,1001,252,
2022-10-18T00:00:00.000,1675,503,13,12,1,490,1172,1122,50,1003,836,167,851,26,22,4,825,152,144,8,6986,6001,220,157,63,5781,985,246,
2022-10-17T00:00:00.000,1685,547,14,12,2,533,1138,1088,50,1004,837,167,810,28,22,6,782,194,185,9,6981,5846,196,141,55,5650,1135,224,
2022-10-16T00:00:00.000,1685,544,13,11,2,531,1141,1091,50,1003,836,167,815,27,21,6,788,188,175,13,6975,5841,204,162,42,5637,1134,231,
2022-10-15T00:00:00.000,1677,456,16,13,3,440,1221,1171,50,1005,838,167,816,38,28,10,778,189,179,10,6974,5922,198,154,44,5724,1052,236,
2022-10-14T00:00:00.000,1675,480,17,15,2,463,1195,1145,50,1003,836,167,848,38,28,10,810,155,144,11,6977,6149,205,160,45,5944,828,243,
2022-10-13T00:00:00.000,1681,461,17,16,1,444,1220,1170,50,1003,836,167,856,45,33,12,811,147,143,4,6970,6108,221,170,51,5887,862,266,
2022-10-12T00:00:00.000,1684,486,20,16,4,466,1198,1148,50,1003,836,167,830,42,28,14,788,173,161,12,6985,6096,240,176,64,5856,889,282,
2022-10-11T00:00:00.000,1685,483,20,18,2,463,1202,1152,50,1003,836,167,817,41,32,9,776,186,181,5,6977,5962,214,171,43,5748,1015,255,
2022-10-10T00:00:00.000,1675,605,12,9,3,593,1070,1020,50,1006,839,167,811,37,26,11,774,195,186,9,6977,5842,216,170,46,5626,1135,253,
2022-10-09T00:00:00.000,1686,474,16,11,5,458,1212,1162,50,1004,837,167,792,43,26,17,749,212,186,26,6962,5844,254,172,82,5590,1118,297,
2022-10-08T00:00:00.000,1686,490,13,9,4,477,1196,1146,50,1004,837,167,814,35,26,9,779,190,174,16,6894,5902,197,167,30,5705,992,232,
2022-10-07T00:00:00.000,1678,448,14,10,4,434,1230,1180,50,999,832,167,826,35,29,6,791,173,164,9,6908,5948,210,171,39,5738,960,245,
2022-10-06T00:00:00.000,1687,483,10,9,1,473,1204,1154,50,999,832,167,848,35,30,5,813,151,144,7,6905,5947,200,165,35,5747,958,235,
2022-10-05T00:00:00.000,1687,534,12,8,4,522,1153,1103,50,999,832,167,842,42,28,14,800,157,148,9,6978,5935,225,163,62,5710,1043,267,
2022-10-04T00:00:00.000,1685,470,27,14,13,443,1215,1165,50,1001,834,167,823,45,30,15,778,178,169,9,6973,5887,245,156,89,5642,1086,290,
2022-10-03T00:00:00.000,1685,485,18,10,8,467,1200,1150,50,1001,834,167,793,51,35,16,742,208,194,14,6973,5762,254,156,98,5508,1211,305,
2022-10-02T00:00:00.000,1685,493,20,11,9,473,1192,1142,50,1003,836,167,787,43,29,14,744,216,206,10,6976,5880,213,136,77,5667,1096,256,
2022-10-01T00:00:00.000,1674,495,22,17,5,473,1179,1129,50,1001,834,167,838,52,30,22,786,163,154,9,6967,5902,196,135,61,5706,1065,248,
2022-09-30T00:00:00.000,1677,527,20,11,9,507,1150,1100,50,978,811,167,830,51,42,9,779,148,142,6,6940,5988,221,117,104,5767,952,272,
2022-09-29T00:00:00.000,1674,522,16,9,7,506,1152,1102,50,980,813,167,821,35,23,12,786,159,150,9,6937,5895,214,150,64,5681,1042,249,
2022-09-28T00:00:00.000,1688,485,20,11,9,465,1203,1153,50,978,811,167,830,41,24,17,789,148,144,4,6938,5910,259,150,109,5651,1028,300,
2022-09-27T00:00:00.000,1693,532,36,31,5,496,1161,1111,50,977,810,167,824,37,22,15,787,153,141,12,6943,5872,244,146,98,5628,1071,281,
2022-09-26T00:00:00.000,1693,627,12,7,5,615,1066,1016,50,977,810,167,825,33,18,15,792,152,140,12,6943,5952,215,119,96,5737,991,248,
2022-09-25T00:00:00.000,1693,599,15,8,7,584,1094,1044,50,975,808,167,805,44,27,17,761,170,158,12,6943,5908,198,133,65,5710,1035,242,
2022-09-24T00:00:00.000,1691,587,18,13,5,569,1104,1054,50,977,810,167,810,52,41,11,758,167,156,11,6943,5788,215,155,60,5573,1155,267,
2022-09-23T00:00:00.000,1693,518,18,13,5,500,1175,1125,50,977,810,167,859,56,45,11,803,118,101,17,6959,5962,251,157,94,5711,997,307,
2022-09-22T00:00:00.000,1688,477,16,11,5,461,1211,1161,50,977,810,167,830,66,47,19,764,147,139,8,6953,5969,234,167,67,5735,984,300,
2022-09-21T00:00:00.000,1662,561,23,17,6,538,1101,1051,50,978,811,167,855,65,47,18,790,123,115,8,6961,6035,259,159,100,5776,926,324,
2022-09-20T00:00:00.000,1686,696,26,20,6,670,990,940,50,977,810,167,834,57,44,13,777,143,137,6,6954,5917,244,154,90,5673,1037,301,
2022-09-19T00:00:00.000,1695,519,22,18,4,497,1176,1126,50,980,813,167,815,54,45,9,761,165,140,25,6961,5715,220,153,67,5495,1246,274,
2022-09-18T00:00:00.000,1695,614,37,32,5,577,1081,1031,50,978,811,167,830,59,46,13,771,148,133,15,6944,5762,197,146,51,5565,1182,256,
2022-09-17T00:00:00.000,1686,482,28,22,6,454,1204,1154,50,979,812,167,830,65,40,25,765,149,130,19,6936,5908,244,157,87,5664,1028,309,
2022-09-16T00:00:00.000,1686,523,25,21,4,498,1163,1113,50,978,811,167,829,56,39,17,773,149,130,19,6944,5926,216,170,46,5710,1018,272,
2022-09-15T00:00:00.000,1687,494,23,18,5,471,1193,1143,50,981,814,167,823,50,38,12,773,158,140,18,6934,5799,235,177,58,5564,1135,285,
2022-09-14T00:00:00.000,1695,638,21,17,4,617,1057,1007,50,980,813,167,819,40,26,14,779,161,145,16,6961,5859,283,184,99,5576,1102,323,
2022-09-13T00:00:00.000,1684,528,17,15,2,511,1156,1106,50,979,812,167,830,39,29,10,791,149,130,19,6943,5894,330,199,131,5564,1049,369,
2022-09-12T00:00:00.000,1688,485,24,14,10,461,1203,1153,50,979,812,167,775,51,30,21,724,204,174,30,6947,5816,278,213,65,5538,1131,329,
2022-09-11T00:00:00.000,1695,529,17,13,4,512,1166,1116,50,978,811,167,793,42,28,14,751,185,157,28,6941,5901,250,189,61,5651,1040,292,
2022-09-10T00:00:00.000,1695,577,35,14,21,542,1118,1068,50,980,813,167,820,43,35,8,777,160,142,18,6953,6004,276,191,85,5728,949,319,
2022-09-09T00:00:00.000,1695,495,14,12,2,481,1200,1150,50,981,814,167,831,57,36,21,774,150,139,11,6963,5921,292,191,101,5629,1042,349,
2022-09-08T00:00:00.000,1695,495,14,12,2,481,1200,1150,50,981,814,167,831,57,36,21,774,150,139,11,6963,5921,292,191,101,5629,1042,349,
2022-09-07T00:00:00.000,1683,492,15,13,2,477,1191,1141,50,981,814,167,820,52,32,20,768,161,151,10,6978,5964,319,209,110,5645,1014,371,
2022-09-06T00:00:00.000,1683,461,14,14,0,447,1222,1172,50,981,814,167,810,43,32,11,767,171,160,11,6957,5638,322,228,94,5316,1319,365,
2022-09-05T00:00:00.000,1684,506,14,12,2,492,1178,1128,50,982,815,167,792,39,28,11,753,190,177,13,6953,5651,274,201,73,5377,1302,313,
2022-09-04T00:00:00.000,1693,630,18,15,3,612,1063,1013,50,981,814,167,784,53,37,16,731,197,170,27,6957,5722,221,173,48,5501,1235,274,
2022-09-03T00:00:00.000,1683,644,34,29,5,610,1039,989,50,981,814,167,830,64,39,25,766,151,138,13,7019,5989,252,191,61,5737,1030,316,
2022-09-02T00:00:00.000,1683,509,23,16,7,486,1174,1124,50,981,814,167,817,51,42,9,766,164,152,12,7011,5911,282,204,78,5629,1100,333,
2022-09-01T00:00:00.000,1681,494,21,16,5,473,1187,1137,50,981,814,167,790,59,44,15,731,191,169,22,7012,5930,283,197,86,5647,1082,342,
2022-08-31T00:00:00.000,1693,477,24,21,3,453,1216,1166,50,981,814,167,816,59,46,13,757,165,160,5,7019,5973,302,205,97,5671,1046,361,
2022-08-30T00:00:00.000,1693,521,23,20,3,498,1172,1122,50,981,814,167,817,63,46,17,754,164,155,9,7023,5959,304,216,88,5655,1064,367,
2022-08-29T00:00:00.000,1687,494,25,22,3,469,1193,1143,50,982,815,167,784,71,53,18,713,198,178,20,7018,5799,259,207,52,5540,1219,330,
2022-08-28T00:00:00.000,1677,486,24,22,2,462,1191,1141,50,983,816,167,796,55,45,10,741,187,169,18,7014,5858,269,195,74,5589,1156,324,
2022-08-27T00:00:00.000,1677,570,24,21,3,546,1107,1057,50,981,814,167,824,58,44,14,766,157,141,16,7014,6060,256,196,60,5804,954,314,
2022-08-26T00:00:00.000,1693,465,55,51,4,410,1228,1178,50,982,815,167,839,53,40,13,786,143,123,20,7007,6082,254,196,58,5828,925,307,
2022-08-25T00:00:00.000,1694,502,30,25,5,472,1192,1142,50,982,815,167,841,62,41,21,779,141,128,13,7005,5951,278,204,74,5673,1054,340,
2022-08-24T00:00:00.000,1682,493,32,25,7,461,1189,1139,50,982,815,167,829,63,41,22,766,153,139,14,7007,5943,317,231,86,5626,1064,380,
2022-08-23T00:00:00.000,1687,490,27,23,4,463,1197,1147,50,978,811,167,810,56,41,15,754,168,147,21,7011,5921,285,229,56,5636,1090,341,
2022-08-22T00:00:00.000,1669,480,22,19,3,458,1189,1139,50,980,813,167,805,60,42,18,745,175,157,18,7020,5918,279,221,58,5639,1102,339,
2022-08-21T00:00:00.000,1693,502,22,21,1,480,1191,1141,50,980,813,167,797,52,38,14,745,183,161,22,7011,5866,281,201,80,5585,1145,333,
2022-08-20T00:00:00.000,1682,638,23,21,2,615,1044,994,50,979,812,167,804,49,38,11,755,175,157,18,7007,5935,273,208,65,5662,1072,322,
2022-08-19T00:00:00.000,1682,513,22,20,2,491,1169,1119,50,979,812,167,835,48,35,13,787,144,123,21,7019,6109,293,208,85,5816,910,341,
2022-08-18T00:00:00.000,1686,500,22,18,4,478,1186,1136,50,979,812,167,848,54,39,15,794,131,111,20,7018,6129,267,204,63,5862,889,321,
2022-08-17T00:00:00.000,1706,549,17,15,2,532,1157,1107,50,977,810,167,835,48,41,7,787,142,128,14,7015,6034,267,202,65,5767,981,315,
2022-08-16T00:00:00.000,1707,500,21,18,3,479,1207,1157,50,977,810,167,845,52,39,13,793,132,113,19,7018,5948,318,217,101,5630,1070,370,
2022-08-15T00:00:00.000,1684,511,20,17,3,491,1173,1123,50,976,809,167,816,65,35,30,751,160,129,31,7012,5742,306,237,69,5436,1270,371,
2022-08-14T00:00:00.000,1684,495,19,16,3,476,1189,1139,50,976,809,167,821,62,41,21,759,155,126,29,7009,5788,285,229,56,5503,1221,347,
2022-08-13T00:00:00.000,1707,641,22,20,2,619,1066,1016,50,976,811,165,840,49,32,17,791,136,114,22,7013,5905,266,229,37,5639,1108,315,
2022-08-12T00:00:00.000,1707,496,20,16,4,476,1211,1161,50,974,809,165,820,56,39,17,764,154,132,22,7006,5834,339,254,85,5495,1172,395,
2022-08-11T00:00:00.000,1684,535,25,19,6,510,1149,1099,50,976,811,165,835,51,41,10,784,141,121,20,7021,5913,331,234,97,5582,1108,382,
2022-08-10T00:00:00.000,1684,464,41,39,2,423,1220,1170,50,973,809,164,844,55,42,13,789,129,112,17,7013,5996,344,253,91,5652,1017,399,
2022-08-09T00:00:00.000,1681,506,25,18,7,481,1175,1125,50,973,809,164,799,68,50,18,731,174,134,40,7010,6020,301,237,64,5719,990,369,
2022-08-08T00:00:00.000,1682,454,25,18,7,429,1228,1178,50,973,809,164,770,65,54,11,705,203,156,47,7013,5869,255,211,44,5614,1144,320,
2022-08-07T00:00:00.000,1733,535,18,14,4,517,1198,1148,50,987,823,164,808,53,42,11,755,179,145,34,7120,5959,285,215,70,5674,1161,338,
2022-08-06T00:00:00.000,1735,568,22,15,7,546,1167,1117,50,987,823,164,847,56,40,16,791,140,97,43,7124,6041,294,215,79,5747,1083,350,
2022-08-05T00:00:00.000,1735,542,25,18,7,517,1193,1143,50,987,823,164,822,54,41,13,768,165,125,40,7123,6082,285,237,48,5797,1041,339,
2022-08-04T00:00:00.000,1680,470,22,18,4,448,1210,1160,50,976,812,164,849,60,47,13,789,127,96,31,7021,5937,292,225,67,5645,1084,352,
2022-08-03T00:00:00.000,1687,482,26,18,8,456,1205,1155,50,976,812,164,836,49,35,14,787,140,115,25,7023,5898,278,220,58,5620,1125,327,
2022-08-02T00:00:00.000,1681,501,26,20,6,475,1180,1130,50,978,814,164,824,60,44,16,764,154,115,39,7014,6006,312,237,75,5694,1008,372,
2022-08-01T00:00:00.000,1688,496,24,20,4,472,1192,1142,50,978,814,164,817,57,44,13,760,161,122,39,7006,5776,311,236,75,5465,1230,368,
2022-07-31T00:00:00.000,1680,505,23,20,3,482,1175,1125,50,976,812,164,781,60,46,14,721,195,152,43,7002,5800,324,233,91,5476,1202,384,
2022-07-30T00:00:00.000,1684,453,24,21,3,429,1231,1181,50,976,812,164,805,63,43,20,742,171,134,37,7004,5818,319,233,86,5499,1186,382,
2022-07-29T00:00:00.000,1682,483,28,23,5,455,1199,1149,50,973,809,164,829,69,50,19,760,144,113,31,7022,5933,314,238,76,5619,1089,383,
2022-07-28T00:00:00.000,1683,482,23,20,3,459,1201,1151,50,977,813,164,821,55,45,10,766,156,127,29,7027,5911,331,221,110,5580,1116,386,
2022-07-27T00:00:00.000,1688,519,24,19,5,495,1169,1119,50,973,809,164,807,60,44,16,747,166,135,31,7038,5996,331,236,95,5665,1042,391,
2022-07-26T00:00:00.000,1695,603,22,16,6,581,1092,1042,50,976,812,164,811,57,44,13,754,165,133,32,7015,5926,321,233,88,5605,1089,378,
2022-07-25T00:00:00.000,1746,530,18,13,5,512,1216,1166,50,986,822,164,813,70,43,27,743,173,135,38,7138,5775,280,224,56,5495,1363,350,
2022-07-24T00:00:00.000,1746,556,18,15,3,538,1190,1140,50,988,824,164,803,58,43,15,745,185,146,39,7134,5955,316,252,64,5639,1179,374,
2022-07-23T00:00:00.000,1741,665,19,16,3,646,1076,1026,50,988,824,164,863,58,45,13,805,125,92,33,7137,6062,252,214,38,5810,1075,310,
2022-07-22T00:00:00.000,1739,533,17,14,3,516,1206,1156,50,986,822,164,807,60,51,9,747,179,143,36,7134,6053,279,221,58,5774,1081,339,
2022-07-21T00:00:00.000,1729,498,23,18,5,475,1231,1181,50,992,828,164,831,56,43,13,775,161,132,29,7152,6073,292,219,73,5781,1079,348,
2022-07-20T00:00:00.000,1751,504,35,30,5,469,1247,1197,50,986,822,164,831,50,37,13,781,155,123,32,7162,6027,305,233,72,5722,1135,355,
2022-07-19T00:00:00.000,1683,483,18,15,3,465,1200,1150,50,975,811,164,813,43,35,8,770,162,128,34,7035,5961,290,224,66,5671,1074,333,
2022-07-18T00:00:00.000,1699,530,16,14,2,514,1169,1119,50,977,813,164,803,46,32,14,757,174,136,38,7039,5812,224,185,39,5588,1227,270,
2022-07-17T00:00:00.000,1693,647,17,14,3,630,1046,996,50,977,813,164,786,44,35,9,742,191,155,36,7031,6035,222,175,47,5813,996,266,
2022-07-16T00:00:00.000,1698,530,23,19,4,507,1168,1118,50,978,814,164,812,52,41,11,760,166,134,32,7024,5876,272,200,72,5604,1148,324,
2022-07-15T00:00:00.000,1698,547,23,22,1,524,1151,1101,50,975,811,164,823,62,50,12,761,152,113,39,7038,5974,248,192,56,5726,1064,310,
2022-07-14T00:00:00.000,1691,500,17,17,0,483,1191,1141,50,976,812,164,827,57,45,12,770,149,116,33,7039,5953,287,215,72,5666,1086,344,
2022-07-13T00:00:00.000,1691,653,17,16,1,636,1038,988,50,973,809,164,803,45,37,8,758,170,130,40,7043,5898,280,206,74,5618,1145,325,
2022-07-12T00:00:00.000,1691,669,21,17,4,648,1022,972,50,977,813,164,796,53,37,16,743,181,134,47,7026,6014,279,201,78,5735,1012,332,
2022-07-11T00:00:00.000,1696,501,20,14,6,481,1195,1145,50,977,813,164,165,52,39,13,113,812,757,55,7026,5818,284,186,98,5534,1208,336,
2022-07-10T00:00:00.000,1691,487,18,14,4,469,1204,1154,50,977,813,164,806,49,36,13,757,171,135,36,7014,5798,251,179,72,5547,1216,300,
2022-07-09T00:00:00.000,1699,635,18,14,4,617,1064,1014,50,977,813,164,829,45,31,14,784,148,123,25,7015,6044,219,161,58,5825,971,264,
2022-07-08T00:00:00.000,1695,657,14,11,3,643,1038,988,50,985,821,164,810,42,32,10,768,175,150,25,6996,5920,247,179,68,5673,1076,289,
2022-07-07T00:00:00.000,1700,467,13,10,3,454,1233,1183,50,978,814,164,798,44,34,10,754,180,153,27,7008,5979,292,190,102,5687,1029,336,
2022-07-06T00:00:00.000,1696,511,16,12,4,495,1185,1135,50,977,813,164,786,47,37,10,739,191,161,30,7007,5894,255,183,72,5639,1113,302,
2022-07-05T00:00:00.000,1688,446,19,13,6,427,1242,1192,50,978,814,164,779,48,36,12,731,199,169,30,6991,5597,239,183,56,5358,1394,287,
2022-07-04T00:00:00.000,1692,449,17,15,2,432,1243,1193,50,977,813,164,762,56,41,15,706,215,185,30,7003,5581,235,183,52,5346,1422,291,
2022-07-03T00:00:00.000,1693,456,16,13,3,440,1237,1187,50,977,813,164,777,44,37,7,733,200,170,30,7007,5559,231,154,77,5328,1448,275,
2022-07-02T00:00:00.000,1691,472,19,17,2,453,1219,1169,50,980,816,164,805,43,37,6,762,175,144,31,7007,5770,240,166,74,5530,1237,283,
2022-07-01T00:00:00.000,1695,468,18,15,3,450,1227,1177,50,980,816,164,808,47,38,9,761,172,141,31,6996,5853,252,187,65,5601,1143,299,
2022-06-30T00:00:00.000,1697,465,21,17,4,444,1232,1182,50,978,814,164,799,42,31,11,757,179,151,28,7013,5861,279,201,78,5582,1152,321,
2022-06-29T00:00:00.000,1692,489,18,17,1,471,1203,1153,50,976,812,164,812,48,36,12,764,164,125,39,7015,5898,291,189,102,5607,1117,339,
2022-06-28T00:00:00.000,1688,476,20,17,3,456,1212,1162,50,976,812,164,812,40,31,9,772,164,129,35,7019,5965,276,171,105,5689,1054,316,
2022-06-27T00:00:00.000,1695,496,17,12,5,479,1199,1149,50,986,822,164,779,42,33,9,737,207,164,43,7002,5753,252,162,90,5501,1249,294,
2022-06-26T00:00:00.000,1703,676,14,12,2,662,1027,977,50,986,822,164,805,43,29,14,762,181,138,43,6998,5667,222,150,72,5445,1331,259,
2022-06-25T00:00:00.000,1703,542,13,8,5,529,1161,1111,50,987,823,164,773,44,29,15,729,214,174,40,6997,5866,236,153,83,5630,1131,274,
2022-06-24T00:00:00.000,1697,495,15,11,4,480,1202,1152,50,987,823,164,824,41,31,10,783,163,123,40,6994,5853,252,159,93,5601,1141,293,
2022-06-23T00:00:00.000,1690,480,10,8,2,470,1210,1160,50,987,823,164,804,36,31,5,768,183,144,39,6995,5856,275,181,94,5581,1139,311,
2022-06-22T00:00:00.000,1697,497,10,7,3,487,1200,1150,50,986,822,164,818,36,27,9,782,168,131,37,6990,5985,274,169,105,5711,1005,310,
2022-06-21T00:00:00.000,1693,492,9,8,1,483,1201,1151,50,986,822,164,835,37,24,13,798,151,116,35,7004,5796,265,182,83,5531,1208,302,
2022-06-20T00:00:00.000,1690,511,16,10,6,495,1179,1129,50,987,823,164,724,45,29,16,679,263,226,37,7002,5579,277,157,120,5302,1323,303,
2022-06-19T00:00:00.000,1699,465,12,10,2,453,1234,1184,50,986,822,164,774,42,30,12,732,193,159,34,6976,5679,220,165,55,5459,1297,281,
2022-06-18T00:00:00.000,1693,513,10,7,3,503,1180,1130,50,987,823,164,823,39,27,12,784,164,135,29,7002,5814,242,153,89,5572,1188,281,
2022-06-17T00:00:00.000,1690,446,14,11,3,432,1244,1194,50,986,822,164,832,41,29,12,791,154,129,25,7005,5861,263,174,89,5598,1144,304,
2022-06-16T00:00:00.000,1755,581,8,6,2,573,1174,1124,50,986,822,164,845,36,23,13,809,141,113,28,7007,5938,262,177,85,5676,1069,298,
2022-06-15T00:00:00.000,1757,517,15,9,6,502,1240,1190,50,986,822,164,813,43,29,14,770,173,141,32,7003,5836,276,172,104,5560,1167,319,
2022-06-14T00:00:00.000,1761,547,41,36,5,506,1214,1164,50,989,825,164,814,39,25,14,775,175,142,33,7010,5886,253,171,82,5633,1124,292,
2022-06-13T00:00:00.000,1761,600,10,6,4,590,1161,1111,50,989,825,164,785,35,17,18,750,204,162,42,7002,5607,257,156,101,5350,1395,292,
2022-06-12T00:00:00.000,1762,532,11,8,3,521,1230,1180,50,990,826,164,758,39,25,14,719,232,194,38,6993,5566,245,172,73,5321,1427,284,
2022-06-11T00:00:00.000,1760,533,12,8,4,521,1227,1177,50,989,825,164,799,32,19,13,767,190,157,33,7013,5744,238,162,76,5506,1269,270,
2022-06-10T00:00:00.000,1759,572,12,8,4,560,1187,1137,50,989,825,164,789,31,20,11,758,200,171,29,7007,5810,239,169,70,5571,1197,270,
2022-06-09T00:00:00.000,1759,541,10,9,1,531,1218,1168,50,987,823,164,698,33,23,10,665,289,265,24,7023,5940,252,172,80,5688,1083,285,
2022-06-08T00:00:00.000,1766,516,12,8,4,504,1250,1200,50,987,823,164,811,31,21,10,780,176,146,30,7015,5875,286,182,104,5589,1140,317,
2022-06-07T00:00:00.000,1766,509,16,10,6,493,1257,1207,50,987,823,164,822,35,25,10,787,165,136,29,7030,5790,301,197,104,5489,1240,336,
2022-06-06T00:00:00.000,1760,549,15,11,4,534,1211,1161,50,987,823,164,767,39,27,12,728,220,178,42,7021,5732,295,195,100,5437,1289,334,
2022-06-05T00:00:00.000,1761,550,13,11,2,537,1211,1161,50,987,823,164,788,32,25,7,756,199,162,37,7001,5721,238,179,59,5483,1280,270,
2022-06-04T00:00:00.000,1762,526,13,9,4,513,1236,1186,50,993,823,170,810,37,24,13,773,183,157,26,7014,5875,262,205,57,5613,1139,299,
2022-06-03T00:00:00.000,1767,535,12,10,2,523,1232,1182,50,983,819,164,786,32,21,11,754,197,161,36,6986,5803,316,211,105,5487,1183,348,
2022-06-02T00:00:00.000,1768,642,19,13,6,623,1126,1076,50,984,820,164,808,33,23,10,775,176,146,30,6978,5847,257,193,64,5590,1131,290,
2022-06-01T00:00:00.000,1767,525,14,10,4,511,1242,1192,50,982,818,164,808,35,21,14,773,174,152,22,6978,5743,296,199,97,5447,1235,331,
2022-05-31T00:00:00.000,1768,499,18,13,5,481,1269,1219,50,980,816,164,769,32,24,8,737,211,184,27,6997,5525,330,206,124,5195,1472,362,
2022-05-30T00:00:00.000,1767,654,23,19,4,631,1113,1063,50,980,816,164,788,26,17,9,762,192,164,28,6985,5246,269,155,114,4977,1739,295,
2022-05-29T00:00:00.000,1767,541,14,12,2,527,1226,1176,50,979,815,164,780,23,17,6,757,199,164,35,6971,5627,284,174,110,5343,1344,307,
2022-05-28T00:00:00.000,1761,518,16,14,2,502,1243,1193,50,982,818,164,808,33,26,7,775,174,143,31,7011,5704,275,183,92,5429,1307,308,
2022-05-27T00:00:00.000,1761,556,16,13,3,540,1205,1155,50,980,816,164,815,37,31,6,778,165,136,29,6989,5822,313,193,120,5509,1167,350,
2022-05-26T00:00:00.000,1763,519,15,13,2,504,1244,1194,50,971,807,164,783,32,28,4,751,188,140,48,6990,5768,329,188,141,5439,1222,361,
2022-05-25T00:00:00.000,1766,501,12,11,1,489,1265,1215,50,973,809,164,766,37,31,6,729,207,156,51,6990,5935,282,173,109,5653,1055,319,
2022-05-24T00:00:00.000,1766,536,16,13,3,520,1230,1180,50,971,807,164,781,39,29,10,742,190,150,40,6993,5790,326,180,146,5464,1203,365,
2022-05-23T00:00:00.000,1761,521,12,8,4,509,1240,1190,50,972,808,164,741,36,28,8,705,231,172,59,7006,5634,323,180,143,5311,1372,359,
2022-05-22T00:00:00.000,1759,515,16,10,6,499,1244,1194,50,974,806,168,777,30,20,10,747,197,150,47,6970,5746,279,160,119,5467,1224,309,
2022-05-21T00:00:00.000,1764,517,16,9,7,501,1247,1197,50,970,806,164,791,46,18,28,745,179,135,44,6988,5853,271,151,120,5582,1135,317,
2022-05-20T00:00:00.000,1760,505,12,10,2,493,1255,1205,50,970,806,164,776,33,25,8,743,194,145,49,6988,5928,295,153,142,5633,1060,328,
2022-05-19T00:00:00.000,1760,499,14,12,2,485,1261,1211,50,970,806,164,816,32,22,10,784,154,120,34,7017,5887,313,153,160,5574,1130,345,
2022-05-18T00:00:00.000,1763,523,11,8,3,512,1240,1190,50,968,804,164,795,32,21,11,763,173,135,38,6995,5875,300,156,144,5575,1120,332,
2022-05-17T00:00:00.000,1761,500,16,10,6,484,1261,1211,50,970,806,164,769,34,20,14,735,201,164,37,6988,5858,301,163,138,5557,1130,335,
2022-05-16T00:00:00.000,1761,507,15,10,5,492,1254,1204,50,970,806,164,731,23,18,5,708,239,190,49,6973,5660,287,153,134,5373,1313,310,
2022-05-15T00:00:00.000,1765,741,7,2,5,734,1024,974,50,970,806,164,764,19,12,7,745,206,173,33,6993,5875,198,101,97,5677,1118,217,
2022-05-14T00:00:00.000,1763,513,15,8,7,498,1250,1200,50,972,808,164,811,31,17,14,780,161,126,35,6991,5811,243,128,115,5568,1180,265,
2022-05-13T00:00:00.000,1759,507,15,8,7,492,1252,1202,50,978,814,164,747,30,19,11,717,231,201,30,6982,5915,232,135,97,5683,1067,262,
2022-05-12T00:00:00.000,1766,520,14,8,6,506,1246,1196,50,981,817,164,779,39,15,24,740,202,158,44,6996,5975,222,123,99,5753,1021,261,
2022-05-11T00:00:00.000,1764,491,11,7,4,480,1273,1223,50,981,817,164,779,35,17,18,744,202,170,32,7003,5920,245,133,112,5675,1083,280,
2022-05-10T00:00:00.000,1761,497,11,6,5,486,1264,1214,50,981,817,164,791,30,14,16,761,190,156,34,6998,5899,252,140,112,5647,1099,282,
2022-05-09T00:00:00.000,1776,532,11,6,5,521,1244,1194,50,981,817,164,768,33,11,22,735,213,171,42,6994,5710,196,116,80,5514,1284,229,
2022-05-08T00:00:00.000,1775,537,7,5,2,530,1238,1188,50,977,813,164,743,25,11,14,718,234,179,55,6987,5692,190,109,81,5502,1295,215,
2022-05-07T00:00:00.000,1775,519,14,7,7,505,1256,1206,50,977,813,164,753,32,14,18,721,224,171,53,6989,5779,183,95,88,5596,1210,215,
2022-05-06T00:00:00.000,1750,528,12,6,6,516,1222,1172,50,979,815,164,787,24,13,11,763,192,156,36,6994,5864,224,111,113,5640,1130,248,
2022-05-05T00:00:00.000,1768,525,8,5,3,517,1243,1193,50,983,819,164,791,19,10,9,772,192,158,34,7013,5978,241,100,141,5737,1035,260,
2022-05-04T00:00:00.000,1768,540,6,3,3,534,1228,1178,50,981,817,164,813,24,13,11,789,168,138,30,7014,5912,213,99,114,5699,1102,237,
2022-05-03T00:00:00.000,1804,543,6,5,1,537,1261,1211,50,981,817,164,788,22,15,7,766,193,152,41,7024,5819,186,90,96,5633,1205,208,
2022-05-02T00:00:00.000,1808,536,8,6,2,528,1272,1222,50,981,817,164,742,23,13,10,719,239,192,47,7021,5671,177,82,95,5494,1350,200,
2022-05-01T00:00:00.000,1808,723,7,5,2,716,1085,1035,50,979,815,164,778,24,13,11,754,201,147,54,7002,5769,165,66,99,5604,1233,189,
2022-04-30T00:00:00.000,1805,539,8,6,2,531,1266,1216,50,977,813,164,750,22,14,8,728,227,175,52,7020,5742,151,73,78,5591,1278,173,
2022-04-29T00:00:00.000,1804,541,9,7,2,532,1263,1213,50,978,814,164,804,26,12,14,778,174,128,46,6998,5755,190,83,107,5565,1243,216,
2022-04-28T00:00:00.000,1806,546,11,9,2,535,1260,1210,50,980,816,164,780,21,18,3,759,200,156,44,7015,5815,177,77,100,5638,1200,198,
2022-04-27T00:00:00.000,1808,543,8,7,1,535,1265,1215,50,980,816,164,795,25,19,6,770,185,146,39,7003,5950,157,82,75,5793,1053,182,
2022-04-26T00:00:00.000,1800,538,11,7,4,527,1262,1212,50,980,816,164,798,29,19,10,769,182,146,36,6998,5874,174,80,94,5700,1124,203,
2022-04-25T00:00:00.000,1806,524,18,9,9,506,1282,1232,50,982,818,164,800,36,16,20,764,182,140,42,6978,5705,164,77,87,5541,1273,200,
2022-04-24T00:00:00.000,1810,596,11,7,4,585,1214,1164,50,979,815,164,777,24,13,11,753,202,154,48,6980,5787,162,72,90,5625,1193,186,
2022-04-23T00:00:00.000,1808,634,8,6,2,626,1174,1124,50,980,816,164,779,21,13,8,758,201,158,43,6980,5938,143,63,80,5795,1042,164,
2022-04-22T00:00:00.000,1800,518,12,10,2,506,1282,1232,50,980,816,164,802,33,18,15,769,178,133,45,6974,5862,154,80,74,5708,1112,187,
2022-04-21T00:00:00.000,1801,525,11,10,1,514,1276,1226,50,982,818,164,800,24,16,8,776,182,131,51,6972,5872,195,85,110,5677,1100,219,
2022-04-20T00:00:00.000,1800,563,14,10,4,549,1237,1187,50,979,815,164,796,29,18,11,767,183,139,44,6980,5848,190,82,108,5658,1132,219,
2022-04-19T00:00:00.000,1802,568,11,8,3,557,1234,1184,50,978,814,164,794,21,14,7,773,184,144,40,6993,5659,185,75,110,5474,1334,206,
2022-04-18T00:00:00.000,1804,570,7,6,1,563,1234,1184,50,982,818,164,741,21,12,9,720,241,197,44,6991,5451,164,66,98,5287,1540,185,
2022-04-17T00:00:00.000,1804,695,4,4,0,691,1109,1059,50,978,814,164,756,17,11,6,739,222,176,46,6983,5502,148,67,81,5354,1481,165,
2022-04-16T00:00:00.000,1805,668,8,6,2,660,1137,1087,50,978,814,164,777,25,13,12,752,201,157,44,6983,5706,134,60,74,5572,1277,159,
2022-04-15T00:00:00.000,1806,551,8,5,3,543,1255,1205,50,980,816,164,794,17,10,7,777,186,153,33,6977,5825,158,65,93,5667,1152,175,
2022-04-14T00:00:00.000,1809,555,12,7,5,543,1254,1204,50,980,816,164,811,27,14,13,784,169,136,33,6975,5925,153,70,83,5772,1050,180,
2022-04-13T00:00:00.000,1808,562,10,7,3,552,1246,1196,50,980,816,164,814,24,12,12,790,166,134,32,6956,5801,181,64,117,5620,1155,205,
2022-04-12T00:00:00.000,1806,563,14,6,8,549,1243,1193,50,978,814,164,796,28,11,17,768,182,148,34,6952,5724,183,61,122,5541,1228,211,
2022-04-11T00:00:00.000,1809,570,10,8,2,560,1239,1189,50,978,814,164,786,19,13,6,767,192,157,35,6953,5645,150,56,94,5495,1308,169,
2022-04-10T00:00:00.000,1804,553,10,7,3,543,1251,1201,50,978,814,164,795,20,14,6,775,183,145,38,6990,5636,139,56,83,5497,1354,159,
2022-04-09T00:00:00.000,1804,675,6,4,2,669,1129,1079,50,978,814,164,790,17,10,7,773,188,159,29,6980,5775,158,60,98,5617,1205,175,
2022-04-08T00:00:00.000,1802,535,8,5,3,527,1267,1217,50,980,816,164,836,19,11,8,817,144,115,29,6962,5833,162,64,98,5671,1129,181,
2022-04-07T00:00:00.000,1802,545,10,7,3,535,1257,1207,50,975,811,164,799,23,13,10,776,176,143,33,6968,5914,169,65,104,5745,1054,192,
2022-04-06T00:00:00.000,1806,558,7,5,2,551,1248,1198,50,972,808,164,811,20,12,8,791,161,129,32,7005,5936,175,74,101,5761,1069,195,
2022-04-05T00:00:00.000,1806,576,14,8,6,562,1230,1180,50,976,812,164,792,28,16,12,764,184,151,33,7010,5922,127,73,54,5795,1088,155,
2022-04-04T00:00:00.000,1806,604,8,6,2,596,1202,1152,50,976,812,164,768,25,11,14,743,208,167,41,7028,5609,122,67,55,5487,1419,147,
2022-04-03T00:00:00.000,1806,679,8,7,1,671,1127,1077,50,976,812,164,765,15,9,6,750,211,165,46,7032,5773,87,55,32,5686,1259,102,
2022-04-02T00:00:00.000,1802,726,11,6,5,715,1076,1026,50,976,812,164,775,22,12,10,753,201,161,40,7032,5832,99,60,39,5733,1200,121,
2022-04-01T00:00:00.000,1803,578,10,4,6,568,1225,1175,50,973,809,164,785,25,9,16,760,188,149,39,7026,5926,119,65,54,5807,1100,144,
2022-03-31T00:00:00.000,1802,572,9,6,3,563,1230,1180,50,993,829,164,809,19,11,8,790,184,141,43,7025,5837,113,66,47,5724,1188,132,
2022-03-30T00:00:00.000,1798,668,8,3,5,660,1130,1080,50,997,833,164,810,27,12,15,783,187,148,39,7033,5790,100,54,46,5690,1243,127,
2022-03-29T00:00:00.000,1832,611,12,6,6,599,1221,1171,50,993,829,164,808,22,13,9,786,185,144,41,7025,5736,119,55,64,5617,1289,141,
2022-03-28T00:00:00.000,1831,611,15,5,10,596,1220,1170,50,995,831,164,773,26,12,14,747,222,179,43,7039,5539,115,63,52,5424,1500,141,
2022-03-27T00:00:00.000,1833,620,12,7,5,608,1213,1163,50,993,829,164,788,26,14,12,762,205,159,46,7030,5601,110,55,55,5491,1429,136,
2022-03-26T00:00:00.000,1835,652,12,7,5,640,1183,1133,50,997,833,164,809,28,17,11,781,188,145,43,7038,5792,95,53,42,5697,1246,123,
2022-03-25T00:00:00.000,1831,596,12,7,5,584,1235,1185,50,994,830,164,795,23,15,8,772,199,148,51,7028,5895,98,53,45,5797,1133,121,
2022-03-24T00:00:00.000,1830,586,14,8,6,572,1244,1194,50,995,831,164,785,23,15,8,762,210,169,41,7039,5894,126,64,62,5768,1145,149,
2022-03-23T00:00:00.000,1831,703,11,8,3,692,1128,1078,50,996,832,164,802,25,17,8,777,194,148,46,7044,5758,106,61,45,5652,1286,131,
2022-03-22T00:00:00.000,1835,594,9,7,2,585,1241,1191,50,996,832,164,788,22,15,7,766,208,159,49,7048,5863,118,67,51,5745,1185,140,
2022-03-21T00:00:00.000,1835,568,11,8,3,557,1267,1217,50,995,831,164,734,22,16,6,712,261,202,59,7038,5577,133,65,68,5444,1461,155,
2022-03-20T00:00:00.000,1831,574,11,8,3,563,1257,1207,50,995,831,164,751,26,17,9,725,244,188,56,7032,5596,108,64,44,5488,1436,134,
2022-03-19T00:00:00.000,1832,571,9,8,1,562,1261,1211,50,996,832,164,803,22,17,5,781,193,149,44,7028,5720,117,70,47,5603,1308,139,
2022-03-18T00:00:00.000,1838,599,9,8,1,590,1239,1189,50,995,831,164,805,25,16,9,780,190,140,50,7029,5721,113,72,41,5608,1308,138,
2022-03-17T00:00:00.000,1835,608,14,10,4,594,1227,1177,50,995,831,164,787,25,14,11,762,208,162,46,7032,5776,125,81,44,5651,1256,150,
2022-03-16T00:00:00.000,1835,615,16,12,4,599,1220,1170,50,996,832,164,786,27,17,10,759,210,170,40,7027,5703,126,75,51,5577,1324,153,
2022-03-15T00:00:00.000,1836,576,11,8,3,565,1260,1210,50,996,832,164,807,27,15,12,780,189,149,40,7026,5768,138,82,56,5630,1258,165,
2022-03-14T00:00:00.000,1832,583,13,10,3,570,1249,1199,50,996,832,164,759,21,15,6,738,237,181,56,7034,5726,129,82,47,5597,1308,150,
2022-03-13T00:00:00.000,1833,581,13,8,5,568,1252,1202,50,996,832,164,753,24,15,9,729,243,183,60,7017,5491,124,84,40,5367,1526,148,
2022-03-12T00:00:00.000,1833,575,11,8,3,564,1258,1208,50,995,831,164,794,29,21,8,765,201,148,53,7021,5624,148,94,54,5476,1397,177,
2022-03-11T00:00:00.000,1833,587,14,6,8,573,1246,1196,50,995,831,164,835,28,17,11,807,160,125,35,7035,5810,161,100,61,5649,1225,189,
2022-03-10T00:00:00.000,1833,622,13,8,5,609,1211,1161,50,993,829,164,826,27,17,10,799,167,129,38,7039,5896,171,106,65,5725,1143,198,
2022-03-09T00:00:00.000,1836,603,18,9,9,585,1233,1183,50,995,831,164,799,52,22,30,747,196,164,32,7026,5919,142,101,41,5777,1107,194,
2022-03-08T00:00:00.000,1836,578,16,11,5,562,1258,1208,50,995,831,164,803,33,21,12,770,192,158,34,7044,5833,142,93,49,5691,1211,175,
2022-03-07T00:00:00.000,1838,587,14,9,5,573,1251,1201,50,995,831,164,761,34,24,10,727,234,190,44,7043,5576,151,95,56,5425,1467,185,
2022-03-06T00:00:00.000,1836,590,22,13,9,568,1246,1196,50,995,831,164,778,34,25,9,744,217,172,45,7028,5642,140,96,44,5502,1386,174,
2022-03-05T00:00:00.000,1829,673,22,17,5,651,1156,1106,50,995,831,164,812,38,30,8,774,183,140,43,7055,5719,148,107,41,5571,1336,186,
2022-03-04T00:00:00.000,1824,561,21,18,3,540,1263,1213,50,995,831,164,829,43,34,9,786,166,131,35,7054,5833,145,105,40,5688,1221,188,
2022-03-03T00:00:00.000,1835,599,29,23,6,570,1236,1186,50,995,831,164,846,46,39,7,800,149,120,29,7054,5796,157,117,40,5639,1258,203,
2022-03-02T00:00:00.000,1837,600,23,20,3,577,1237,1187,50,995,831,164,830,47,40,7,783,165,130,35,7045,5916,171,120,51,5745,1129,218,
2022-03-01T00:00:00.000,1832,585,28,21,7,557,1247,1197,50,995,831,164,805,49,41,8,756,190,159,31,7035,5836,190,129,61,5646,1199,239,
2022-02-28T00:00:00.000,1835,565,28,27,1,537,1270,1220,50,995,831,164,780,51,45,6,729,215,180,35,7027,5602,186,118,68,5416,1425,237,
2022-02-27T00:00:00.000,1835,611,25,23,2,586,1224,1174,50,996,832,164,766,43,40,3,723,230,178,52,7026,5548,186,134,52,5362,1478,229,
2022-02-26T00:00:00.000,1837,560,27,24,3,533,1277,1227,50,996,832,164,808,56,46,10,752,188,145,43,7046,5562,199,142,57,5363,1484,255,
2022-02-25T00:00:00.000,1833,544,28,26,2,516,1289,1239,50,996,832,164,820,58,50,8,762,176,139,37,7024,5874,223,151,72,5651,1150,281,
2022-02-24T00:00:00.000,1829,585,29,27,2,556,1244,1194,50,996,832,164,822,65,56,9,757,174,143,31,7024,5841,216,143,73,5625,1183,281,
2022-02-23T00:00:00.000,1837,590,36,34,2,554,1247,1197,50,996,832,164,826,73,61,12,753,170,135,35,7038,5932,220,150,70,5712,1106,293,
2022-02-22T00:00:00.000,1835,591,38,33,5,553,1244,1194,50,996,832,164,826,67,57,10,759,170,135,35,7055,5737,203,160,43,5534,1318,270,
2022-02-21T00:00:00.000,1832,600,39,34,5,561,1232,1182,50,996,832,164,775,68,55,13,707,221,177,44,7047,5832,227,176,51,5605,1215,295,
2022-02-20T00:00:00.000,1832,605,41,38,3,564,1227,1177,50,994,830,164,792,64,57,7,728,202,157,45,7033,5756,213,162,51,5543,1277,277,
2022-02-19T00:00:00.000,1837,584,39,38,1,545,1253,1203,50,997,833,164,808,69,65,4,739,189,144,45,7018,5795,221,177,44,5574,1223,290,
2022-02-18T00:00:00.000,1827,577,36,35,1,541,1250,1200,50,996,832,164,827,81,73,8,746,169,128,41,7018,5901,257,197,60,5644,1117,338,
2022-02-17T00:00:00.000,1821,554,39,36,3,515,1267,1217,50,997,833,164,822,100,91,9,722,175,140,35,7029,5858,240,205,35,5618,1171,340,
2022-02-16T00:00:00.000,1824,583,50,47,3,533,1241,1191,50,997,833,164,818,94,81,13,720,179,153,26,7029,5887,239,194,45,5648,1142,333,
2022-02-15T00:00:00.000,1819,585,51,46,5,534,1234,1184,50,997,833,164,791,83,75,8,708,206,176,30,7046,5826,276,219,57,5550,1220,359,
2022-02-14T00:00:00.000,1825,587,50,49,1,537,1238,1188,50,995,831,164,826,107,96,11,719,169,140,29,7047,5714,273,212,61,5441,1333,380,
2022-02-13T00:00:00.000,1823,584,62,60,2,522,1239,1189,50,1024,846,178,848,97,85,12,751,176,143,33,7021,5536,290,223,67,5246,1485,387,
2022-02-12T00:00:00.000,1824,608,62,59,3,546,1216,1166,50,1024,846,178,867,126,102,24,741,157,128,29,7025,5792,305,234,71,5487,1233,431,
2022-02-11T00:00:00.000,1825,665,58,52,6,607,1160,1110,50,1025,847,178,879,106,90,16,773,146,114,32,7033,5938,315,263,52,5623,1095,421,
2022-02-10T00:00:00.000,1826,552,59,54,5,493,1274,1224,50,1025,847,178,880,107,91,16,773,145,111,34,7046,5905,394,306,88,5511,1141,501,
2022-02-09T00:00:00.000,1814,586,69,65,4,517,1228,1178,50,1024,846,178,864,123,106,17,741,160,136,24,7040,5826,383,314,69,5443,1214,506,
2022-02-08T00:00:00.000,1814,593,67,65,2,526,1221,1171,50,1027,849,178,857,122,112,10,735,170,138,32,7034,5714,467,351,116,5247,1320,589,
2022-02-07T00:00:00.000,1815,607,74,70,4,533,1208,1158,50,1027,849,178,835,122,115,7,713,192,157,35,6988,5544,479,363,116,5065,1444,601,
2022-02-06T00:00:00.000,1833,583,89,84,5,494,1250,1200,50,1023,845,178,827,150,124,26,677,196,161,35,7048,5470,465,345,120,5005,1578,615,
2022-02-05T00:00:00.000,1831,598,89,85,4,509,1233,1183,50,1027,849,178,867,147,124,23,720,160,127,33,7078,5637,507,384,123,5130,1441,654,
2022-02-04T00:00:00.000,1827,587,90,86,4,497,1240,1190,50,1025,847,178,873,141,135,6,732,152,111,41,7080,5627,538,430,108,5089,1453,679,
2022-02-03T00:00:00.000,1828,607,87,87,0,520,1221,1171,50,1025,847,178,885,137,128,9,748,140,102,38,7075,5677,581,472,109,5096,1398,718,
2022-02-02T00:00:00.000,1825,653,103,100,3,550,1172,1122,50,1023,845,178,873,153,144,9,720,150,102,48,7044,5706,651,496,155,5055,1338,804,
2022-02-01T00:00:00.000,1825,629,110,106,4,519,1196,1146,50,1022,844,178,867,161,148,13,706,155,114,41,7065,5727,674,534,140,5053,1338,835,
2022-01-31T00:00:00.000,1825,630,109,101,8,521,1195,1145,50,1024,846,178,856,182,166,16,674,168,126,42,7064,5576,691,570,121,4885,1488,873,
2022-01-30T00:00:00.000,1825,603,117,111,6,486,1222,1172,50,1024,846,178,806,173,159,14,633,218,166,52,7071,5595,722,598,124,4873,1476,895,
2022-01-29T00:00:00.000,1825,612,116,111,5,496,1213,1163,50,1025,847,178,855,207,196,11,648,170,125,45,7070,5713,686,556,130,5027,1357,893,
2022-01-28T00:00:00.000,1826,655,124,120,4,531,1171,1121,50,1025,847,178,872,177,169,8,695,153,109,44,7067,5796,795,655,140,5001,1271,972,
2022-01-27T00:00:00.000,1827,649,124,123,1,525,1178,1128,50,1025,847,178,888,211,200,11,677,137,94,43,7089,5800,770,705,65,5030,1289,981,
2022-01-26T00:00:00.000,1823,639,136,131,5,503,1184,1134,50,1026,848,178,900,217,201,16,683,126,97,29,7080,5738,901,746,155,4837,1342,1118,
2022-01-25T00:00:00.000,1828,756,143,140,3,613,1072,1022,50,1025,847,178,908,221,205,16,687,117,96,21,7065,5803,945,815,130,4858,1262,1166,
2022-01-24T00:00:00.000,1818,642,158,150,8,484,1176,1126,50,1025,847,178,842,244,230,14,598,183,133,50,7057,5700,963,817,146,4737,1357,1207,
2022-01-23T00:00:00.000,1818,612,155,148,7,457,1206,1156,50,1025,847,178,861,242,231,11,619,164,120,44,7058,5537,1004,878,126,4533,1470,1246,
2022-01-22T00:00:00.000,1819,602,142,138,4,460,1217,1167,50,1025,847,178,882,250,237,13,632,143,103,40,7066,5785,1095,933,162,4690,1281,1345,
2022-01-21T00:00:00.000,1818,635,152,147,5,483,1183,1133,50,1024,846,178,915,245,231,14,670,109,76,33,7090,5884,1199,1051,148,4685,1206,1444,
2022-01-20T00:00:00.000,1822,676,147,139,8,529,1146,1096,50,1024,846,178,926,256,240,16,670,98,67,31,7066,5988,1208,1054,154,4780,1078,1464,
2022-01-19T00:00:00.000,1821,624,161,157,4,463,1197,1147,50,1025,847,178,899,263,254,9,636,126,97,29,7064,5852,1235,1126,109,4617,1212,1498,
2022-01-18T00:00:00.000,1816,667,175,147,28,492,1149,1099,50,1024,846,178,907,317,305,12,590,117,75,42,7039,5771,1354,1193,161,4417,1268,1671,
2022-01-17T00:00:00.000,1818,671,168,164,4,503,1147,1097,50,1024,846,178,856,299,289,10,557,168,118,50,7050,5773,1383,1246,137,4390,1277,1682,
2022-01-16T00:00:00.000,1828,644,144,139,5,500,1184,1134,50,1024,846,178,873,290,274,16,583,151,111,40,7029,5643,1394,1266,128,4249,1386,1684,
2022-01-15T00:00:00.000,1830,653,163,155,8,490,1177,1127,50,1024,846,178,877,330,315,15,547,147,115,32,7065,5718,1395,1259,136,4323,1347,1725,
2022-01-14T00:00:00.000,1829,690,163,154,9,527,1139,1089,50,1024,846,178,910,296,275,21,614,114,85,29,7046,5939,1503,1320,183,4436,1107,1799,
2022-01-13T00:00:00.000,1821,648,147,142,5,501,1173,1123,50,1023,845,178,926,304,284,20,622,97,67,30,7046,5915,1581,1417,164,4334,1131,1885,
2022-01-12T00:00:00.000,1827,666,159,155,4,507,1161,1111,50,1024,846,178,918,312,290,22,606,106,72,34,7020,5986,1643,1459,184,4343,1034,1955,
2022-01-11T00:00:00.000,1823,680,155,150,5,525,1143,1093,50,1024,846,178,917,313,300,13,604,107,63,44,7026,5846,1567,1415,152,4279,1180,1880,
2022-01-10T00:00:00.000,1831,668,168,162,6,500,1163,1113,50,1021,843,178,916,304,292,12,612,105,62,43,7016,5768,1563,1381,182,4205,1248,1867,
2022-01-09T00:00:00.000,1830,655,172,165,7,483,1175,1125,50,922,757,165,799,314,302,12,485,123,84,39,6438,5143,1563,1369,194,3580,1295,1877,
2022-01-08T00:00:00.000,1825,697,168,163,5,529,1128,1078,50,1025,847,178,905,302,287,15,603,120,83,37,7028,5804,1615,1411,204,4189,1224,1917,
2022-01-07T00:00:00.000,1840,637,163,156,7,474,1203,1153,50,1024,846,178,922,331,304,27,591,102,70,32,7029,5876,1601,1410,191,4275,1153,1932,
2022-01-06T00:00:00.000,1831,648,163,157,6,485,1183,1133,50,1025,847,178,928,306,290,16,622,97,68,29,7015,5927,1614,1433,181,4313,1088,1920,
2022-01-05T00:00:00.000,1828,657,167,163,4,490,1171,1121,50,1026,848,178,915,312,299,13,603,111,75,36,7005,5887,1570,1395,175,4317,1118,1882,
2022-01-04T00:00:00.000,1828,652,169,165,4,483,1176,1126,50,1027,849,178,916,316,298,18,600,111,77,34,7004,5910,1410,1297,113,4500,1094,1726,
2022-01-03T00:00:00.000,1813,646,157,142,15,489,1167,1117,50,1027,849,178,900,300,284,16,600,127,88,39,7008,5750,1375,1255,120,4375,1258,1675,
2022-01-02T00:00:00.000,1807,639,146,140,6,493,1168,1118,50,1027,849,178,900,288,267,21,612,127,87,40,6997,5688,1257,1144,113,4431,1309,1545,
2022-01-01T00:00:00.000,1805,649,142,138,4,507,1156,1106,50,1027,849,178,888,295,277,18,593,139,104,35,6991,5681,1222,1109,113,4459,1310,1517,
2021-12-31T00:00:00.000,1817,643,137,130,7,506,1174,1124,50,1027,849,178,883,279,255,24,604,144,107,37,7003,5884,1196,1106,90,4688,1119,1475,
2021-12-30T00:00:00.000,1820,592,134,125,9,458,1228,1178,50,1027,849,178,879,273,253,20,606,148,102,46,6998,5919,1221,1083,138,4698,1079,1494,
2021-12-29T00:00:00.000,1822,626,100,98,2,526,1196,1146,50,1027,849,178,882,245,233,12,637,145,103,42,6994,5942,1153,1008,145,4789,1052,1398,
2021-12-28T00:00:00.000,1821,612,112,108,4,500,1209,1159,50,1026,848,178,841,239,226,13,602,185,131,54,7006,5857,1060,948,112,4797,1149,1299,
2021-12-27T00:00:00.000,1822,730,124,115,9,606,1092,1042,50,1027,849,178,871,240,223,17,631,156,98,58,7004,5758,887,777,110,4871,1246,1127,
2021-12-26T00:00:00.000,1823,597,111,105,6,486,1226,1176,50,1027,849,178,844,206,192,14,638,183,121,62,7002,5551,805,722,83,4746,1451,1011,
2021-12-25T00:00:00.000,1822,601,102,97,5,499,1221,1171,50,1026,848,178,839,196,187,9,643,187,126,61,7001,5400,749,645,104,4651,1601,945,
2021-12-24T00:00:00.000,1821,593,97,94,3,496,1228,1178,50,1026,848,178,880,202,190,12,678,146,101,45,7001,5632,748,623,125,4884,1369,950,
2021-12-23T00:00:00.000,1819,627,96,95,1,531,1192,1142,50,1025,847,178,899,199,184,15,700,126,84,42,7007,5841,782,595,187,5059,1166,981,
2021-12-22T00:00:00.000,1825,603,99,95,4,504,1222,1172,50,1043,865,178,899,208,195,13,691,144,104,40,7005,5767,697,559,138,5070,1100,1043,
2021-12-21T00:00:00.000,1822,585,84,81,3,501,1237,1187,50,1066,888,178,935,205,188,17,730,131,92,39,7080,6019,619,508,111,5400,1061,824,
2021-12-20T00:00:00.000,1823,581,90,85,5,491,1242,1192,50,1064,886,178,870,203,181,22,667,194,153,41,7069,5895,586,482,104,5309,1174,789,
2021-12-19T00:00:00.000,1821,601,83,79,4,518,1220,1170,50,1068,890,178,938,182,158,24,756,130,90,40,7066,5785,583,467,116,5202,1281,765,
2021-12-18T00:00:00.000,1820,615,79,73,6,536,1205,1155,50,1068,890,178,940,157,142,15,783,128,99,29,7080,6068,512,420,92,5556,1012,669,
2021-12-17T00:00:00.000,1822,629,70,67,3,559,1193,1143,50,1066,888,178,977,164,154,10,813,89,70,19,7073,6014,557,467,90,5457,1059,721,
2021-12-16T00:00:00.000,1822,641,56,54,2,585,1181,1131,50,1064,886,178,978,156,145,11,822,86,61,25,7081,6154,479,399,80,5675,927,635,
2021-12-15T00:00:00.000,1825,562,73,69,4,489,1263,1213,50,1065,887,178,984,152,142,10,832,81,58,23,7080,6064,452,362,90,5612,1016,604,
2021-12-14T00:00:00.000,1820,606,66,63,3,540,1214,1164,50,1065,887,178,981,143,134,9,838,84,56,28,7081,6196,471,364,107,5725,885,614,
2021-12-13T00:00:00.000,1823,614,67,64,3,547,1209,1159,50,1078,900,178,967,148,138,10,819,111,81,30,7010,5967,466,368,98,5501,1043,614,
2021-12-12T00:00:00.000,1823,598,67,61,6,531,1225,1175,50,1077,899,178,954,153,133,20,801,123,91,32,7045,5931,452,350,102,5479,1114,605,
2021-12-11T00:00:00.000,1823,580,74,64,10,506,1243,1193,50,1075,897,178,955,171,130,41,784,120,86,34,7073,6072,440,289,151,5632,1001,611,
2021-12-10T00:00:00.000,1823,558,55,50,5,503,1265,1215,50,1074,896,178,935,130,117,13,805,139,116,23,7081,6068,493,356,137,5575,1013,623,
2021-12-09T00:00:00.000,1826,721,52,47,5,669,1105,1055,50,1075,897,178,936,107,98,9,829,139,122,17,7088,6167,423,309,114,5744,921,530,
2021-12-08T00:00:00.000,1824,585,57,52,5,528,1239,1189,50,1075,897,178,954,127,113,14,827,121,102,19,7085,6130,450,337,113,5680,955,577,
2021-12-07T00:00:00.000,1824,584,60,54,6,524,1240,1190,50,1076,898,178,945,110,95,15,835,131,103,28,7079,6063,361,290,71,5702,1016,471,
2021-12-06T00:00:00.000,1817,588,58,56,2,530,1229,1179,50,1074,896,178,898,114,108,6,784,176,136,40,7077,5890,392,331,61,5498,1187,506,
2021-12-05T00:00:00.000,1820,591,57,51,6,534,1229,1179,50,1074,896,178,913,120,102,18,793,161,122,39,7064,5817,369,302,67,5448,1247,489,
2021-12-04T00:00:00.000,1823,605,50,44,6,555,1218,1168,50,1076,898,178,902,102,87,15,800,174,145,29,7062,5965,353,286,67,5612,1097,455,
2021-12-03T00:00:00.000,1825,587,48,44,4,539,1238,1188,50,1076,898,178,937,114,94,20,823,139,115,24,7065,5999,353,295,58,5646,1066,467,
2021-12-02T00:00:00.000,1817,586,43,40,3,543,1231,1181,50,1077,899,178,929,108,93,15,821,148,121,27,7062,5967,372,292,80,5595,1095,480,
2021-12-01T00:00:00.000,1818,587,38,36,2,549,1231,1181,50,1076,898,178,933,98,91,7,835,143,112,31,7066,6031,364,294,70,5667,1035,462,
2021-11-30T00:00:00.000,1820,712,40,35,5,672,1108,1058,50,1076,898,178,912,101,82,19,811,164,135,29,7069,5898,338,278,60,5560,1171,439,
2021-11-29T00:00:00.000,1873,615,40,34,6,575,1258,1208,50,1087,909,178,877,100,86,14,777,210,176,34,7171,5725,331,270,61,5394,1446,431,
2021-11-28T00:00:00.000,1823,588,37,36,1,551,1235,1185,50,1074,896,178,857,86,81,5,771,217,180,37,7077,5531,321,238,83,5210,1546,407,
2021-11-27T00:00:00.000,1817,581,37,35,2,544,1236,1186,50,1076,898,178,871,89,76,13,782,205,162,43,7075,5465,304,252,52,5161,1610,393,
2021-11-26T00:00:00.000,1817,783,41,35,6,742,1034,984,50,1076,898,178,866,88,78,10,778,210,172,38,7079,5470,317,249,68,5153,1609,405,
2021-11-25T00:00:00.000,1813,565,35,33,2,530,1248,1198,50,1077,899,178,900,93,78,15,807,177,139,38,7095,5609,290,241,49,5319,1486,383,
2021-11-24T00:00:00.000,1815,569,28,26,2,541,1246,1196,50,1078,900,178,908,84,70,14,824,170,142,28,7065,5821,286,232,54,5535,1244,370,
2021-11-23T00:00:00.000,1814,558,33,30,3,525,1256,1206,50,1078,900,178,921,95,79,16,826,157,126,31,7079,5922,296,220,76,5626,1157,391,
2021-11-22T00:00:00.000,1814,560,29,25,4,531,1254,1204,50,1079,901,178,899,72,67,5,827,180,148,32,7079,5721,292,223,69,5429,1358,364,
2021-11-21T00:00:00.000,1823,558,29,28,1,529,1265,1215,50,1079,901,178,894,74,64,10,820,185,154,31,7055,5658,280,200,80,5378,1397,354,
2021-11-20T00:00:00.000,1823,574,32,29,3,542,1249,1199,50,1079,901,178,934,74,59,15,860,145,123,22,7092,5790,272,188,84,5518,1302,346,
2021-11-19T00:00:00.000,1812,563,31,26,5,532,1249,1199,50,1077,899,178,922,74,60,14,848,155,135,20,7079,5912,315,235,80,5597,1167,389,
2021-11-18T00:00:00.000,1812,568,23,20,3,545,1244,1194,50,1079,901,178,940,70,53,17,870,139,125,14,7093,6041,283,216,67,5758,1052,353,
2021-11-17T00:00:00.000,1817,574,29,21,8,545,1243,1193,50,1079,901,178,926,64,47,17,862,153,135,18,7079,5953,286,203,83,5667,1126,350,
2021-11-16T00:00:00.000,1816,777,28,24,4,749,1039,989,50,1079,901,178,913,63,46,17,850,166,139,27,7089,5906,269,189,80,5637,1183,332,
2021-11-15T00:00:00.000,1881,634,23,21,2,611,1247,1197,50,1130,928,202,916,64,56,8,852,214,165,49,7338,5892,249,190,59,5643,1446,313,
2021-11-14T00:00:00.000,1866,628,27,21,6,601,1238,1188,50,1092,914,178,888,60,52,8,828,204,172,32,7215,5649,245,183,62,5404,1566,305,
2021-11-13T00:00:00.000,1867,593,26,21,5,567,1274,1224,50,1091,913,178,904,53,42,11,851,187,159,28,7222,5766,281,171,110,5485,1456,334,
2021-11-12T00:00:00.000,1875,634,24,23,1,610,1241,1191,50,1091,913,178,895,65,53,12,830,196,174,22,7199,5844,246,180,66,5598,1355,311,
2021-11-11T00:00:00.000,1874,606,26,25,1,580,1268,1218,50,1091,913,178,909,60,51,9,849,182,159,23,7199,6045,252,173,79,5793,1154,312,
2021-11-10T00:00:00.000,1874,614,23,22,1,591,1260,1210,50,1089,911,178,936,52,49,3,884,153,132,21,7206,6022,219,163,56,5803,1184,271,
2021-11-09T00:00:00.000,1862,617,29,23,6,588,1245,1195,50,1090,912,178,891,62,49,13,829,199,178,21,7205,5936,219,144,75,5717,1269,281,
2021-11-08T00:00:00.000,1823,636,35,31,4,601,1187,1137,50,1078,900,178,866,67,53,14,799,212,180,32,7083,5768,181,137,44,5587,1315,248,
2021-11-07T00:00:00.000,1873,726,33,30,3,693,1147,1097,50,1091,913,178,889,70,56,14,819,202,170,32,7206,5893,186,137,49,5707,1313,256,
2021-11-06T00:00:00.000,1870,955,28,26,2,927,915,865,50,1093,915,178,916,71,57,14,845,177,160,17,7122,5741,193,132,61,5548,1381,264,
2021-11-05T00:00:00.000,1870,955,27,23,4,928,915,865,50,1093,915,178,916,66,55,11,850,177,160,17,7122,5741,210,146,64,5531,1381,276,
2021-11-04T00:00:00.000,1867,587,31,28,3,556,1280,1230,50,1092,914,178,910,64,50,14,846,182,163,19,7193,5839,181,140,41,5658,1354,245,
2021-11-03T00:00:00.000,1867,619,34,29,5,585,1248,1198,50,1091,913,178,929,60,51,9,869,162,150,12,7185,5896,168,127,41,5728,1289,228,
2021-11-02T00:00:00.000,1868,601,35,29,6,566,1267,1217,50,1093,915,178,907,64,52,12,843,186,163,23,7203,5770,188,128,60,5582,1433,252,
2021-11-01T00:00:00.000,1887,622,36,32,4,586,1265,1215,50,1093,915,178,869,63,50,13,806,224,194,30,7203,5612,180,134,46,5432,1591,243,
2021-10-31T00:00:00.000,1885,551,33,27,6,518,1334,1284,50,1091,913,178,901,68,54,14,833,190,157,33,7228,5548,167,121,46,5381,1680,235,
2021-10-30T00:00:00.000,1884,574,31,26,5,543,1310,1260,50,1089,911,178,912,84,66,18,828,177,141,36,7217,5710,183,129,54,5527,1507,267,
2021-10-29T00:00:00.000,1885,577,33,29,4,544,1308,1258,50,1089,911,178,897,64,50,14,833,192,161,31,7236,5793,174,114,60,5619,1443,238,
2021-10-28T00:00:00.000,1886,617,30,29,1,587,1269,1219,50,1089,911,178,905,54,48,6,851,184,164,20,7236,5936,182,121,61,5754,1300,236,
2021-10-27T00:00:00.000,1885,591,34,27,7,557,1294,1244,50,1087,909,178,905,59,50,9,846,182,166,16,7203,5888,162,107,55,5726,1315,221,
2021-10-26T00:00:00.000,1885,573,31,29,2,542,1312,1262,50,1089,911,178,944,65,51,14,879,145,127,18,7226,5925,165,115,50,5760,1301,230,
2021-10-25T00:00:00.000,1888,777,26,24,2,751,1111,1061,50,1089,911,178,949,51,44,7,898,140,125,15,7167,5762,140,98,42,5622,1405,191,
2021-10-24T00:00:00.000,1875,916,21,21,0,895,959,909,50,1093,911,182,868,54,49,5,814,225,201,24,7156,5624,151,103,48,5473,1532,205,
2021-10-23T00:00:00.000,1877,603,28,25,3,575,1274,1224,50,1089,911,178,884,56,47,9,828,205,185,20,7170,5907,148,102,46,5759,1263,204,
2021-10-22T00:00:00.000,1870,596,26,24,2,570,1274,1224,50,1089,911,178,927,56,46,10,871,162,139,23,7170,6019,151,103,48,5868,1151,207,
2021-10-21T00:00:00.000,1871,606,29,23,6,577,1265,1215,50,1091,913,178,916,62,46,16,854,175,159,16,7174,5973,160,108,52,5813,1201,222,
2021-10-20T00:00:00.000,1888,603,28,23,5,575,1285,1235,50,1091,913,178,934,63,43,20,871,157,136,21,7174,5961,174,112,62,5787,1213,237,
2021-10-19T00:00:00.000,1885,603,32,30,2,571,1282,1232,50,992,814,178,836,66,48,18,770,156,138,18,7167,5967,173,116,57,5794,1200,239,
2021-10-18T00:00:00.000,1886,586,35,31,4,551,1300,1250,50,993,815,178,765,59,49,10,706,228,202,26,6547,5120,169,115,54,4951,1427,228,
2021-10-17T00:00:00.000,1886,582,33,30,3,549,1304,1254,50,1089,911,178,870,61,54,7,809,219,194,25,7166,5643,163,106,57,5480,1523,224,
2021-10-16T00:00:00.000,1885,787,27,23,4,760,1098,1048,50,1091,913,178,950,55,47,8,895,141,120,21,7175,5953,161,120,41,5792,1222,216,
2021-10-15T00:00:00.000,1886,578,28,23,5,550,1308,1258,50,1091,913,178,957,63,51,12,894,134,122,12,7171,5951,188,132,56,5763,1220,251,
2021-10-14T00:00:00.000,1892,597,33,27,6,564,1295,1245,50,1091,913,178,940,70,49,21,870,151,137,14,7174,5894,205,128,77,5689,1280,275,
2021-10-13T00:00:00.000,1894,597,33,31,2,564,1297,1247,50,1089,911,178,948,72,60,12,876,141,127,14,7160,5972,204,126,78,5768,1188,276,
2021-10-12T00:00:00.000,1894,588,45,41,4,543,1306,1256,50,1089,911,178,916,79,71,8,837,173,161,12,7164,5953,170,119,51,5783,1211,249,
2021-10-11T00:00:00.000,1884,715,45,43,2,670,1169,1119,50,1089,911,178,884,85,73,12,799,205,189,16,7167,5747,179,128,51,5568,1420,264,
2021-10-10T00:00:00.000,1885,588,49,45,4,539,1297,1247,50,1093,915,178,881,102,85,17,779,212,190,22,7177,5791,162,124,38,5669,1386,264,{'url': 'https://www.chicago.gov/content/dam/city/sites/covid/reports/hospital-capacity/2021.10.11_COVID-19_ICU_Vent_Capacity_Daily_Report.pdf'}
2021-10-09T00:00:00.000,1884,593,48,45,3,545,1291,1241,50,1091,913,178,920,82,74,8,838,171,155,16,7175,5844,179,127,52,5665,1331,261,
2021-10-08T00:00:00.000,1889,573,32,31,1,541,1316,1266,50,1092,914,178,928,84,76,8,844,164,144,20,7167,6005,195,140,55,5912,1162,279,{'url': 'https://www.chicago.gov/content/dam/city/sites/covid/reports/hospital-capacity/2021.10.09_COVID-19_ICU_Vent_Capacity_Daily_Report.pdf'}
2021-10-07T00:00:00.000,1892,592,45,42,3,547,1300,1250,50,1091,913,178,972,85,77,8,887,119,102,17,7174,6045,186,147,39,5989,1129,271,{'url': 'https://www.chicago.gov/content/dam/city/sites/covid/reports/hospital-capacity/2021.10.08_COVID-19_ICU_Vent_Capacity_Daily_Report.pdf'}
2021-10-06T00:00:00.000,1889,600,47,46,1,553,1289,1239,50,1089,911,178,913,83,78,5,830,176,160,16,7166,6072,191,124,67,5974,1094,274,{'url': 'https://www.chicago.gov/content/dam/city/sites/covid/reports/hospital-capacity/2021.10.07_COVID-19_ICU_Vent_Capacity_Daily_Report.pdf'}
2021-10-05T00:00:00.000,1891,584,46,43,3,538,1307,1257,50,1092,914,178,965,87,74,13,878,127,114,13,7149,6131,217,138,79,5989,1018,304,{'url': 'https://www.chicago.gov/content/dam/city/sites/covid/reports/hospital-capacity/2021.10.06_COVID-19_ICU_Vent_Capacity_Daily_Report.pdf'}
2021-10-04T00:00:00.000,1885,605,55,48,7,550,1280,1230,50,1089,911,178,871,89,79,10,782,218,204,14,7148,5911,181,134,47,5759,1237,270,{'url': 'https://www.chicago.gov/content/dam/city/sites/covid/reports/hospital-capacity/2021.10.05_COVID-19_ICU_Vent_Capacity_Daily_Report.pdf'}
2021-10-03T00:00:00.000,1884,598,64,54,10,534,1286,1236,50,1092,914,178,857,94,79,15,763,235,208,27,7180,5782,155,121,34,5656,1398,249,{'url': 'https://www.chicago.gov/content/dam/city/sites/covid/reports/hospital-capacity/2021.10.04_COVID-19_ICU_Vent_Capacity_Daily_Report.pdf'}
2021-10-02T00:00:00.000,1877,595,51,47,4,544,1282,1232,50,1092,914,178,880,89,81,8,791,212,179,33,7177,5820,173,120,53,5745,1357,262,{'url': 'https://www.chicago.gov/content/dam/city/sites/covid/reports/hospital-capacity/2021.10.03_COVID-19_ICU_Vent_Capacity_Daily_Report.pdf'}
2021-10-01T00:00:00.000,1892,604,54,49,5,550,1288,1238,50,1092,914,178,890,91,81,10,799,202,184,18,7169,5862,182,139,43,5774,1307,273,{'url': 'https://www.chicago.gov/content/dam/city/sites/covid/reports/hospital-capacity/2021.10.02_COVID-19_ICU_Vent_Capacity_Daily_Report.pdf'}
2021-09-30T00:00:00.000,1884,589,58,52,6,531,1295,1245,50,1091,913,178,908,94,84,10,814,183,161,22,7166,5935,200,143,57,5829,1231,294,{'url': 'https://www.chicago.gov/content/dam/city/sites/covid/reports/hospital-capacity/2021.09.31_COVID-19_ICU_Vent_Capacity_Daily_Report.pdf'}
2021-09-29T00:00:00.000,1889,767,55,48,7,712,1122,1072,50,1089,911,178,926,98,81,17,816,163,141,22,7163,5934,181,131,50,5973,1229,279,{'url': 'https://www.chicago.gov/content/dam/city/sites/covid/reports/hospital-capacity/2021.09.30_COVID-19_ICU_Vent_Capacity_Daily_Report.pdf'}
2021-09-28T00:00:00.000,1892,756,59,50,9,697,1136,1086,50,1089,911,178,910,94,78,16,816,179,155,24,7146,6082,210,153,57,5973,1064,304,{'url': 'https://www.chicago.gov/content/dam/city/sites/covid/reports/hospital-capacity/2021.09.29_COVID-19_ICU_Vent_Capacity_Daily_Report.pdf'}
2021-09-27T00:00:00.000,1885,607,56,51,5,551,1278,1228,50,1089,911,178,866,87,76,11,779,223,196,27,7163,5804,199,143,56,5607,1359,286,{'url': 'https://www.chicago.gov/content/dam/city/sites/covid/reports/hospital-capacity/2021.09.28_COVID-19_ICU_Vent_Capacity_Daily_Report.pdf'}
2021-09-26T00:00:00.000,1885,613,59,57,2,554,1272,1222,50,1091,913,178,865,86,79,7,779,226,199,27,7169,5686,196,133,63,5518,1483,282,{'url': 'https://www.chicago.gov/content/dam/city/sites/covid/reports/hospital-capacity/2021.09.27_COVID-19_ICU_Vent_Capacity_Daily_Report.pdf'}
2021-09-25T00:00:00.000,1892,638,54,53,1,584,1254,1204,50,1089,911,178,891,85,78,7,806,198,169,29,7156,5840,202,131,71,5737,1316,287,{'url': 'https://www.chicago.gov/content/dam/city/sites/covid/reports/hospital-capacity/2021.09.26_COVID-19_ICU_Vent_Capacity_Daily_Report.pdf'}
2021-09-24T00:00:00.000,1884,577,48,48,0,529,1307,1257,50,1089,911,178,901,94,75,19,807,188,157,31,7171,5908,226,157,69,5802,1263,320,{'url': 'https://www.chicago.gov/content/dam/city/sites/covid/reports/hospital-capacity/2021.09.25_COVID-19_ICU_Vent_Capacity_Daily_Report.pdf'}
2021-09-23T00:00:00.000,1897,682,54,52,2,628,1215,1165,50,1089,911,178,934,83,76,7,851,155,123,32,7159,5998,210,143,67,5881,1161,293,{'url': 'https://www.chicago.gov/content/dam/city/sites/covid/reports/hospital-capacity/2021.09.24_COVID-19_ICU_Vent_Capacity_Daily_Report.pdf'}
2021-09-22T00:00:00.000,1885,576,50,48,2,526,1309,1259,50,1089,911,178,898,100,84,16,798,191,158,33,7163,6049,225,155,70,5909,1114,325,{'url': 'https://www.chicago.gov/content/dam/city/sites/covid/reports/hospital-capacity/2021.09.23_COVID-19_ICU_Vent_Capacity_Daily_Report.pdf'}
2021-09-21T00:00:00.000,1885,615,55,52,3,560,1270,1220,50,1089,911,178,920,97,84,13,823,169,144,25,7177,6101,247,161,86,5904,1076,344,{'url': 'https://www.chicago.gov/content/dam/city/sites/covid/reports/hospital-capacity/2021.09.22_COVID-19_ICU_Vent_Capacity_Daily_Report.pdf'}
2021-09-20T00:00:00.000,1893,655,59,53,6,596,1238,1188,50,1089,911,178,893,97,87,10,796,196,179,17,7146,6017,252,180,72,5753,1129,349,{'url': 'https://www.chicago.gov/content/dam/city/sites/covid/reports/hospital-capacity/2021.09.21_COVID-19_ICU_Vent_Capacity_Daily_Report.pdf'}
2021-09-19T00:00:00.000,1887,587,59,56,3,528,1300,1250,50,1089,911,178,882,92,88,4,790,207,182,25,7166,5898,218,155,63,5680,1268,310,{'url': 'https://www.chicago.gov/content/dam/city/sites/covid/reports/hospital-capacity/2021.09.20_COVID-19_ICU_Vent_Capacity_Daily_Report.pdf'}
2021-09-18T00:00:00.000,1891,597,56,51,5,541,1294,1244,50,1085,907,178,919,101,95,6,818,166,147,19,7179,6015,220,157,63,5795,1164,321,{'url': 'https://www.chicago.gov/content/dam/city/sites/covid/reports/hospital-capacity/2021.09.19_COVID-19_ICU_Vent_Capacity_Daily_Report.pdf'}
2021-09-17T00:00:00.000,1884,573,56,48,8,517,1311,1261,50,1085,907,178,920,106,92,14,814,165,150,15,7153,6096,236,173,63,5860,1057,342,{'url': 'https://www.chicago.gov/content/dam/city/sites/covid/reports/hospital-capacity/2021.09.18_COVID-19_ICU_Vent_Capacity_Daily_Report.pdf'}
2021-09-16T00:00:00.000,1884,568,57,49,8,511,1316,1266,50,1089,911,178,922,112,96,16,810,167,147,20,7169,6064,252,192,60,5812,1105,364,{'url': 'https://www.chicago.gov/content/dam/city/sites/covid/reports/hospital-capacity/2021.09.17_COVID-19_ICU_Vent_Capacity_Daily_Report.pdf'}
2021-09-15T00:00:00.000,1884,576,56,48,8,520,1308,1258,50,1089,911,178,915,124,102,22,791,174,154,20,7163,6009,270,198,72,5739,1154,394,{'url': 'https://www.chicago.gov/content/dam/city/sites/covid/reports/hospital-capacity/2021.09.16_COVID-19_ICU_Vent_Capacity_Daily_Report.pdf'}
2021-09-14T00:00:00.000,1884,613,49,44,5,564,1271,1221,50,1089,911,178,900,120,99,21,780,189,167,22,7162,6039,286,205,81,5753,1123,406,{'url': 'https://www.chicago.gov/content/dam/city/sites/covid/reports/hospital-capacity/2021.09.15_COVID-19_ICU_Vent_Capacity_Daily_Report.pdf'}
2021-09-13T00:00:00.000,1877,623,58,53,5,565,1254,1204,50,1090,912,178,870,122,101,21,748,220,188,32,7163,5867,294,205,89,5573,1296,416,{'url': 'https://www.chicago.gov/content/dam/city/sites/covid/reports/hospital-capacity/2021.09.14_COVID-19_ICU_Vent_Capacity_Daily_Report.pdf'}
2021-09-12T00:00:00.000,1870,569,83,75,8,486,1301,1251,50,1089,911,178,871,111,98,13,760,218,194,24,7174,5767,260,189,71,5507,1407,371,{'url': 'https://www.chicago.gov/content/dam/city/sites/covid/reports/hospital-capacity/2021.09.13_COVID-19_ICU_Vent_Capacity_Daily_Report.pdf'}
2021-09-11T00:00:00.000,1882,578,55,50,5,523,1304,1254,50,1089,911,178,912,112,97,15,800,177,159,18,7174,5908,278,199,79,5630,1266,390,{'url': 'https://www.chicago.gov/content/dam/city/sites/covid/reports/hospital-capacity/2021.09.12_COVID-19_ICU_Vent_Capacity_Daily_Report.pdf'}
2021-09-10T00:00:00.000,1874,597,49,47,2,548,1277,1227,50,1089,911,178,925,93,83,10,832,164,141,23,7181,6010,294,213,81,5716,1171,387,{'url': 'https://www.chicago.gov/content/dam/city/sites/covid/reports/hospital-capacity/2021.09.11_COVID-19_ICU_Vent_Capacity_Daily_Report.pdf'}
2021-09-09T00:00:00.000,1886,605,57,52,5,548,1281,1231,50,1091,913,178,919,110,92,18,809,172,153,19,7182,6071,281,205,76,5790,1111,391,{'url': 'https://www.chicago.gov/content/dam/city/sites/covid/reports/hospital-capacity/2021.09.10_COVID-19_ICU_Vent_Capacity_Daily_Report.pdf'}
2021-09-08T00:00:00.000,1886,625,57,51,6,568,1261,1211,50,1089,911,178,902,105,93,12,797,187,152,35,7180,6013,305,206,99,5708,1167,410,{'url': 'https://www.chicago.gov/content/dam/city/sites/covid/reports/hospital-capacity/2021.09.09_COVID-19_ICU_Vent_Capacity_Daily_Report.pdf'}
2021-09-07T00:00:00.000,1878,762,61,55,6,701,1116,1066,50,1089,911,178,872,106,88,18,766,217,174,43,7197,5831,270,197,73,5561,1366,376,{'url': 'https://www.chicago.gov/content/dam/city/sites/covid/reports/hospital-capacity/2021.09.08_COVID-19_ICU_Vent_Capacity_Daily_Report.pdf'}
2021-09-06T00:00:00.000,1888,570,60,54,6,510,1318,1268,50,1091,913,178,842,107,96,11,735,249,206,43,7190,5682,256,187,69,5426,1508,363,{'url': 'https://www.chicago.gov/content/dam/city/sites/covid/reports/hospital-capacity/2021.09.07_COVID-19_ICU_Vent_Capacity_Daily_Report.pdf'}
2021-09-05T00:00:00.000,1838,570,67,59,8,503,1268,1218,50,1092,914,178,853,114,98,16,739,239,206,33,7211,5761,265,198,67,5496,1450,379,{'url': 'https://www.chicago.gov/content/dam/city/sites/covid/reports/hospital-capacity/2021.09.06_COVID-19_ICU_Vent_Capacity_Daily_Report.pdf'}
2021-09-04T00:00:00.000,1883,581,58,53,5,523,1302,1252,50,1091,913,178,844,101,91,10,743,247,212,35,7207,5808,246,190,56,5562,1399,347,{'url': 'https://www.chicago.gov/content/dam/city/sites/covid/reports/hospital-capacity/2021.09.05_COVID-19_ICU_Vent_Capacity_Daily_Report.pdf'}
2021-09-03T00:00:00.000,1890,626,56,54,2,570,1264,1214,50,1092,914,178,897,102,92,10,795,195,166,29,7188,5813,268,197,71,5545,1375,370,{'url': 'https://www.chicago.gov/content/dam/city/sites/covid/reports/hospital-capacity/2021.09.04_COVID-19_ICU_Vent_Capacity_Daily_Report.pdf'}
2021-09-02T00:00:00.000,1889,610,60,58,2,550,1279,1229,50,1092,914,178,901,113,97,16,788,191,163,28,7183,5928,258,187,71,5670,1255,371,{'url': 'https://www.chicago.gov/content/dam/city/sites/covid/reports/hospital-capacity/2021.09.03_COVID-19_ICU_Vent_Capacity_Daily_Report.pdf'}
2021-09-01T00:00:00.000,1881,624,58,51,7,566,1257,1207,50,1089,911,178,910,109,88,21,801,179,153,26,7199,6085,273,203,70,5812,1114,382,{'url': 'https://www.chicago.gov/content/dam/city/sites/covid/reports/hospital-capacity/2021.09.02_COVID-19_ICU_Vent_Capacity_Daily_Report.pdf'}
2021-08-31T00:00:00.000,1881,634,55,49,6,579,1247,1197,50,1095,917,178,899,107,94,13,792,196,167,29,7195,6020,250,182,68,5770,1175,357,{'url': 'https://www.chicago.gov/content/dam/city/sites/covid/reports/hospital-capacity/2021.08.32_COVID-19_ICU_Vent_Capacity_Daily_Report.pdf'}
2021-08-30T00:00:00.000,1866,590,61,56,5,529,1276,1226,50,1095,917,178,898,113,98,15,785,197,171,26,7199,5917,239,179,60,5678,1282,352,{'url': 'https://www.chicago.gov/content/dam/city/sites/covid/reports/hospital-capacity/2021.08.31_COVID-19_ICU_Vent_Capacity_Daily_Report.pdf'}
2021-08-29T00:00:00.000,1881,562,56,49,7,506,1319,1269,50,1097,919,178,883,114,99,15,769,214,184,30,7192,5840,249,188,61,5591,1352,363,{'url': 'https://www.chicago.gov/content/dam/city/sites/covid/reports/hospital-capacity/2021.08.30_COVID-19_ICU_Vent_Capacity_Daily_Report.pdf'}
2021-08-28T00:00:00.000,1886,746,47,42,5,699,1140,1090,50,1095,917,178,929,103,88,15,826,166,138,28,7196,5888,242,190,52,5646,1308,345,{'url': 'https://www.chicago.gov/content/dam/city/sites/covid/reports/hospital-capacity/2021.08.29_COVID-19_ICU_Vent_Capacity_Daily_Report.pdf'}
2021-08-27T00:00:00.000,1881,585,48,43,5,537,1296,1246,50,1058,880,178,951,101,88,13,850,107,81,26,7110,5988,256,203,53,5732,1122,357,{'url': 'https://www.chicago.gov/content/dam/city/sites/covid/reports/hospital-capacity/2021.08.28_COVID-19_ICU_Vent_Capacity_Daily_Report.pdf'}
2021-08-26T00:00:00.000,1878,583,54,47,7,529,1295,1245,50,1101,923,178,942,103,91,12,839,159,139,20,7214,6046,251,193,58,5795,1168,354,{'url': 'https://www.chicago.gov/content/dam/city/sites/covid/reports/hospital-capacity/2021.08.27_COVID-19_ICU_Vent_Capacity_Daily_Report.pdf'}
2021-08-25T00:00:00.000,1894,579,45,41,4,534,1315,1265,50,1102,924,178,935,97,90,7,838,167,138,29,7188,6077,267,197,70,5810,1111,364,{'url': 'https://www.chicago.gov/content/dam/city/sites/covid/reports/hospital-capacity/2021.08.26_COVID-19_ICU_Vent_Capacity_Daily_Report.pdf'}
2021-08-24T00:00:00.000,1874,607,45,39,6,562,1267,1217,50,1102,924,178,944,100,88,12,844,158,129,29,7195,6052,270,196,74,5782,1143,370,{'url': 'https://www.chicago.gov/content/dam/city/sites/covid/reports/hospital-capacity/2021.08.25_COVID-19_ICU_Vent_Capacity_Daily_Report.pdf'}
2021-08-23T00:00:00.000,1889,563,45,44,1,518,1326,1276,50,1099,921,178,895,94,86,8,801,204,172,32,7185,5909,227,178,49,5682,1276,321,{'url': 'https://www.chicago.gov/content/dam/city/sites/covid/reports/hospital-capacity/2021.08.24_COVID-19_ICU_Vent_Capacity_Daily_Report.pdf'}
2021-08-22T00:00:00.000,1858,537,47,39,8,490,1321,1271,50,1102,924,178,894,94,79,15,800,208,178,30,7193,5852,220,159,61,5632,1341,314,{'url': 'https://www.chicago.gov/content/dam/city/sites/covid/reports/hospital-capacity/2021.08.23_COVID-19_ICU_Vent_Capacity_Daily_Report.pdf'}
2021-08-21T00:00:00.000,1883,598,35,33,2,563,1285,1235,50,1105,927,178,917,80,77,3,837,188,159,29,7189,5970,217,158,59,5753,1219,297,{'url': 'https://www.chicago.gov/content/dam/city/sites/covid/reports/hospital-capacity/2021.08.22_COVID-19_ICU_Vent_Capacity_Daily_Report.pdf'}
2021-08-20T00:00:00.000,1883,556,38,37,1,518,1327,1277,50,1103,925,178,926,89,80,9,837,177,154,23,7179,6020,227,168,59,5793,1159,316,{'url': 'https://www.chicago.gov/content/dam/city/sites/covid/reports/hospital-capacity/2021.08.21_COVID-19_ICU_Vent_Capacity_Daily_Report.pdf'}
2021-08-19T00:00:00.000,1888,556,64,61,3,492,1332,1282,50,1103,925,178,915,97,84,13,818,188,160,28,7182,6079,227,161,66,5852,1103,324,{'url': 'https://www.chicago.gov/content/dam/city/sites/covid/reports/hospital-capacity/2021.08.20_COVID-19_ICU_Vent_Capacity_Daily_Report.pdf'}
2021-08-18T00:00:00.000,1897,569,40,38,2,529,1328,1278,50,1101,923,178,895,87,78,9,808,206,172,34,7195,6089,207,155,52,5882,1106,294,{'url': 'https://www.chicago.gov/content/dam/city/sites/covid/reports/hospital-capacity/2021.08.19_COVID-19_ICU_Vent_Capacity_Daily_Report.pdf'}
2021-08-17T00:00:00.000,1887,535,39,37,2,496,1352,1302,50,1102,924,178,912,85,77,8,827,190,159,31,7169,6048,198,133,65,5850,1121,283,{'url': 'https://www.chicago.gov/content/dam/city/sites/covid/reports/hospital-capacity/2021.08.18_COVID-19_ICU_Vent_Capacity_Daily_Report.pdf'}
2021-08-16T00:00:00.000,1896,550,40,35,5,510,1346,1296,50,1102,924,178,840,85,71,14,755,262,221,41,7168,5960,211,145,66,5749,1208,296,{'url': 'https://www.chicago.gov/content/dam/city/sites/covid/reports/hospital-capacity/2021.08.17_COVID-19_ICU_Vent_Capacity_Daily_Report.pdf'}
2021-08-15T00:00:00.000,1889,559,29,27,2,530,1330,1280,50,1101,923,178,863,66,58,8,797,238,191,47,7159,5831,206,136,70,5625,1328,272,{'url': 'https://www.chicago.gov/content/dam/city/sites/covid/reports/hospital-capacity/2021.08.16_COVID-19_ICU_Vent_Capacity_Daily_Report.pdf'}
2021-08-14T00:00:00.000,1888,550,28,26,2,522,1338,1288,50,1103,925,178,883,62,55,7,821,220,172,48,7182,5888,200,133,67,5688,1294,262,{'url': 'https://www.chicago.gov/content/dam/city/sites/covid/reports/hospital-capacity/2021.08.15_COVID-19_ICU_Vent_Capacity_Daily_Report.pdf'}
2021-08-13T00:00:00.000,1893,557,27,23,4,530,1336,1286,50,1102,924,178,899,65,54,11,834,203,163,40,7197,6075,191,129,62,5884,1122,256,{'url': 'https://www.chicago.gov/content/dam/city/sites/covid/reports/hospital-capacity/2021.08.14_COVID-19_ICU_Vent_Capacity_Daily_Report.pdf'}
2021-08-12T00:00:00.000,1899,564,28,23,5,536,1335,1285,50,1102,924,178,913,57,49,8,856,189,151,38,7189,6092,204,136,68,5888,1097,261,{'url': 'https://www.chicago.gov/content/dam/city/sites/covid/reports/hospital-capacity/2021.08.13_COVID-19_ICU_Vent_Capacity_Daily_Report.pdf'}
2021-08-11T00:00:00.000,1889,594,29,23,6,565,1295,1245,50,1099,921,178,907,66,54,12,841,192,148,44,7197,6035,187,119,68,5848,1162,253,{'url': 'https://www.chicago.gov/content/dam/city/sites/covid/reports/hospital-capacity/2021.08.12_COVID-19_ICU_Vent_Capacity_Daily_Report.pdf'}
2021-08-10T00:00:00.000,1900,556,31,25,6,525,1344,1294,50,1101,923,178,913,57,50,7,856,188,157,31,7193,5895,180,118,62,5715,1298,237,{'url': 'https://www.chicago.gov/content/dam/city/sites/covid/reports/hospital-capacity/2021.08.11_COVID-19_ICU_Vent_Capacity_Daily_Report.pdf'}
2021-08-09T00:00:00.000,1895,372,30,27,3,342,1523,1473,50,1099,921,178,895,58,51,7,837,204,166,38,7176,5728,184,111,73,5544,1448,242,{'url': 'https://www.chicago.gov/content/dam/city/sites/covid/reports/hospital-capacity/2021.08.10_COVID-19_ICU_Vent_Capacity_Daily_Report.pdf'}
2021-08-08T00:00:00.000,1892,556,30,25,5,526,1336,1286,50,1099,921,178,889,67,52,15,822,210,177,33,7194,5835,202,124,78,5633,1359,269,{'url': 'https://www.chicago.gov/content/dam/city/sites/covid/reports/hospital-capacity/2021.08.09_COVID-19_ICU_Vent_Capacity_Daily_Report.pdf'}
2021-08-07T00:00:00.000,1896,586,27,23,4,559,1310,1260,50,1099,921,178,889,64,52,12,825,210,171,39,7202,5827,195,118,77,5632,1375,259,{'url': 'https://www.chicago.gov/content/dam/city/sites/covid/reports/hospital-capacity/2021.08.08_COVID-19_ICU_Vent_Capacity_Daily_Report.pdf'}
2021-08-06T00:00:00.000,1890,556,25,21,4,531,1334,1284,50,1100,922,178,893,60,46,14,833,207,170,37,7182,6063,196,121,75,5867,1119,256,{'url': 'https://www.chicago.gov/content/dam/city/sites/covid/reports/hospital-capacity/2021.08.07_COVID-19_ICU_Vent_Capacity_Daily_Report.pdf'}
2021-08-05T00:00:00.000,1888,518,24,22,2,494,1370,1320,50,1103,925,178,900,56,51,5,844,203,171,32,7201,5927,164,100,64,5763,1274,220,{'url': 'https://www.chicago.gov/content/dam/city/sites/covid/reports/hospital-capacity/2021.08.06_COVID-19_ICU_Vent_Capacity_Daily_Report.pdf'}
2021-08-04T00:00:00.000,1894,549,20,19,1,529,1345,1295,50,1099,921,178,881,54,45,9,827,218,182,36,7193,5950,182,100,82,5768,1243,236,{'url': 'https://www.chicago.gov/content/dam/city/sites/covid/reports/hospital-capacity/2021.08.05_COVID-19_ICU_Vent_Capacity_Daily_Report.pdf'}
2021-08-03T00:00:00.000,1886,614,21,20,1,593,1272,1222,50,1100,922,178,868,53,46,7,815,232,195,37,7201,5982,148,97,51,5834,1219,201,{'url': 'https://www.chicago.gov/content/dam/city/sites/covid/reports/hospital-capacity/2021.08.04_COVID-19_ICU_Vent_Capacity_Daily_Report.pdf'}
2021-08-02T00:00:00.000,1889,576,22,19,3,554,1313,1263,50,1099,921,178,854,59,46,13,795,245,203,42,7193,5811,158,102,56,5653,1382,217,{'url': 'https://www.chicago.gov/content/dam/city/sites/covid/reports/hospital-capacity/2021.08.03_COVID-19_ICU_Vent_Capacity_Daily_Report.pdf'}
2021-08-01T00:00:00.000,1889,536,22,18,4,514,1353,1303,50,1101,923,178,825,53,39,14,772,276,232,44,7196,5862,140,93,47,5722,1334,193,{'url': 'https://www.chicago.gov/content/dam/city/sites/covid/reports/hospital-capacity/2021.08.02_COVID-19_ICU_Vent_Capacity_Daily_Report.pdf'}
2021-07-31T00:00:00.000,1889,552,16,11,5,536,1337,1287,50,1102,924,178,854,45,33,12,809,248,214,34,7196,5799,130,91,39,5669,1397,175,{'url': 'https://www.chicago.gov/content/dam/city/sites/covid/reports/hospital-capacity/2021.07.32_COVID-19_ICU_Vent_Capacity_Daily_Report.pdf'}
2021-07-30T00:00:00.000,1889,516,13,10,3,503,1373,1323,50,1102,924,178,881,38,27,11,843,221,190,31,7185,6016,127,89,38,5889,1169,165,{'url': 'https://www.chicago.gov/content/dam/city/sites/covid/reports/hospital-capacity/2021.07.31_COVID-19_ICU_Vent_Capacity_Daily_Report.pdf'}
2021-07-29T00:00:00.000,1890,571,14,9,5,557,1319,1269,50,1101,923,178,899,38,26,12,861,202,177,25,7193,5890,131,89,42,5759,1303,169,{'url': 'https://www.chicago.gov/content/dam/city/sites/covid/reports/hospital-capacity/2021.07.30_COVID-19_ICU_Vent_Capacity_Daily_Report.pdf'}
2021-07-28T00:00:00.000,1890,530,14,9,5,516,1360,1310,50,1103,925,178,876,44,36,8,832,227,205,22,7200,5807,119,73,46,5688,1393,163,{'url': 'https://www.chicago.gov/content/dam/city/sites/covid/reports/hospital-capacity/2021.07.29_COVID-19_ICU_Vent_Capacity_Daily_Report.pdf'}
2021-07-27T00:00:00.000,1893,630,21,15,6,609,1263,1213,50,1104,926,178,909,47,33,14,862,195,168,27,7189,6085,137,83,54,5948,1104,184,{'url': 'https://www.chicago.gov/content/dam/city/sites/covid/reports/hospital-capacity/2021.07.28_COVID-19_ICU_Vent_Capacity_Daily_Report.pdf'}
2021-07-26T00:00:00.000,1893,547,14,9,5,533,1346,1296,50,1102,924,178,851,46,31,15,805,251,216,35,7201,5627,119,74,45,5508,1574,165,{'url': 'https://www.chicago.gov/content/dam/city/sites/covid/reports/hospital-capacity/2021.07.27_COVID-19_ICU_Vent_Capacity_Daily_Report.pdf'}
2021-07-25T00:00:00.000,1893,580,11,9,2,569,1313,1263,50,1103,925,178,847,37,29,8,810,256,217,39,7195,5963,111,69,42,5852,1232,148,{'url': 'https://www.chicago.gov/content/dam/city/sites/covid/reports/hospital-capacity/2021.07.26_COVID-19_ICU_Vent_Capacity_Daily_Report.pdf'}
2021-07-24T00:00:00.000,1895,549,11,8,3,538,1346,1296,50,1104,926,178,897,38,25,13,859,207,177,30,7204,5852,128,81,47,5724,1352,166,{'url': 'https://www.chicago.gov/content/dam/city/sites/covid/reports/hospital-capacity/2021.07.25_COVID-19_ICU_Vent_Capacity_Daily_Report.pdf'}
2021-07-23T00:00:00.000,1884,523,12,8,4,511,1361,1311,50,1102,924,178,880,42,27,15,838,222,189,33,7198,6062,101,66,35,5961,1136,143,{'url': 'https://www.chicago.gov/content/dam/city/sites/covid/reports/hospital-capacity/2021.07.24_COVID-19_ICU_Vent_Capacity_Daily_Report.pdf'}
2021-07-22T00:00:00.000,1891,542,12,8,4,530,1349,1299,50,1102,924,178,893,40,27,13,853,209,177,32,7202,6018,104,64,40,5914,1184,144,{'url': 'https://www.chicago.gov/content/dam/city/sites/covid/reports/hospital-capacity/2021.07.23_COVID-19_ICU_Vent_Capacity_Daily_Report.pdf'}
2021-07-21T00:00:00.000,1796,531,10,9,1,521,1265,1215,50,1103,925,178,892,30,20,10,862,211,180,31,7198,5902,96,56,40,5806,1296,126,{'url': 'https://www.chicago.gov/content/dam/city/sites/covid/reports/hospital-capacity/2021.07.22_COVID-19_ICU_Vent_Capacity_Daily_Report.pdf'}
2021-07-20T00:00:00.000,1891,569,4,4,0,565,1322,1272,50,1102,924,178,891,26,19,7,865,211,177,34,7212,6036,109,60,49,5927,1176,135,{'url': 'https://www.chicago.gov/content/dam/city/sites/covid/reports/hospital-capacity/2021.07.21_COVID-19_ICU_Vent_Capacity_Daily_Report.pdf'}
2021-07-19T00:00:00.000,1890,579,9,6,3,570,1311,1261,50,1104,926,178,839,24,18,6,815,265,222,43,7208,5876,87,49,38,5789,1332,111,{'url': 'https://www.chicago.gov/content/dam/city/sites/covid/reports/hospital-capacity/2021.07.20_COVID-19_ICU_Vent_Capacity_Daily_Report.pdf'}
2021-07-18T00:00:00.000,1907,578,6,4,2,572,1329,1279,50,1106,928,178,813,27,19,8,786,293,250,43,7208,5728,83,48,35,5645,1480,110,{'url': 'https://www.chicago.gov/content/dam/city/sites/covid/reports/hospital-capacity/2021.07.19_COVID-19_ICU_Vent_Capacity_Daily_Report.pdf'}
2021-07-17T00:00:00.000,1909,533,6,3,3,527,1376,1326,50,1104,926,178,885,24,15,9,861,219,184,35,7210,5851,79,46,33,5772,1359,103,{'url': 'https://www.chicago.gov/content/dam/city/sites/covid/reports/hospital-capacity/2021.07.18_COVID-19_ICU_Vent_Capacity_Daily_Report.pdf'}
2021-07-16T00:00:00.000,1907,529,9,4,5,520,1378,1328,50,1104,926,178,891,25,15,10,866,213,171,42,7184,5969,82,45,37,5887,1215,107,{'url': 'https://www.chicago.gov/content/dam/city/sites/covid/reports/hospital-capacity/2021.07.17_COVID-19_ICU_Vent_Capacity_Daily_Report.pdf'}
2021-07-15T00:00:00.000,1916,555,4,3,1,551,1361,1311,50,1105,927,178,896,21,13,8,875,209,164,45,7219,6101,78,48,30,6023,1118,99,{'url': 'https://www.chicago.gov/content/dam/city/sites/covid/reports/hospital-capacity/2021.07.16_COVID-19_ICU_Vent_Capacity_Daily_Report.pdf'}
2021-07-14T00:00:00.000,1906,609,9,6,3,600,1297,1247,50,1105,927,178,882,33,14,19,849,223,168,55,7215,5937,107,51,56,5830,1278,140,{'url': 'https://www.chicago.gov/content/dam/city/sites/covid/reports/hospital-capacity/2021.07.15_COVID-19_ICU_Vent_Capacity_Daily_Report.pdf'}
2021-07-13T00:00:00.000,1906,597,11,8,3,586,1309,1259,50,1107,929,178,902,27,16,11,875,205,164,41,7229,5988,87,43,44,5901,1241,114,{'url': 'https://www.chicago.gov/content/dam/city/sites/covid/reports/hospital-capacity/2021.07.14_COVID-19_ICU_Vent_Capacity_Daily_Report.pdf'}
2021-07-12T00:00:00.000,1906,588,11,6,5,577,1318,1268,50,1103,925,178,845,37,19,18,808,258,203,55,7206,5764,90,40,50,5674,1442,127,{'url': 'https://www.chicago.gov/content/dam/city/sites/covid/reports/hospital-capacity/2021.07.13_COVID-19_ICU_Vent_Capacity_Daily_Report.pdf'}
2021-07-11T00:00:00.000,1908,575,11,7,4,564,1333,1283,50,1109,931,178,835,26,16,10,809,274,219,55,7213,5719,79,42,37,5640,1494,105,{'url': 'https://www.chicago.gov/content/dam/city/sites/covid/reports/hospital-capacity/2021.07.12_COVID-19_ICU_Vent_Capacity_Daily_Report.pdf'}
2021-07-10T00:00:00.000,1908,645,11,7,4,634,1263,1213,50,1107,929,178,857,29,16,13,828,250,208,42,7213,5702,82,39,43,5620,1511,111,{'url': 'https://www.chicago.gov/content/dam/city/sites/covid/reports/hospital-capacity/2021.07.11_COVID-19_ICU_Vent_Capacity_Daily_Report.pdf'}
2021-07-09T00:00:00.000,1916,568,11,7,4,557,1348,1298,50,1107,929,178,885,34,19,15,851,222,170,52,7202,6012,71,35,36,5941,1190,105,{'url': 'https://www.chicago.gov/content/dam/city/sites/covid/reports/hospital-capacity/2021.07.10_COVID-19_ICU_Vent_Capacity_Daily_Report.pdf'}
2021-07-08T00:00:00.000,1906,545,13,9,4,532,1361,1311,50,1103,929,174,863,28,16,12,835,240,191,49,7206,5979,88,44,44,5891,1227,116,{'url': 'https://www.chicago.gov/content/dam/city/sites/covid/reports/hospital-capacity/2021.07.09_COVID-19_ICU_Vent_Capacity_Daily_Report.pdf'}
2021-07-07T00:00:00.000,1906,557,17,8,9,540,1349,1299,50,1102,928,174,879,27,15,12,852,223,173,50,7216,5767,94,42,52,5673,1449,121,{'url': 'https://www.chicago.gov/content/dam/city/sites/covid/reports/hospital-capacity/2021.07.08_COVID-19_ICU_Vent_Capacity_Daily_Report.pdf'}
2021-07-06T00:00:00.000,1908,582,14,9,5,568,1326,1276,50,1103,929,174,813,32,21,11,781,290,225,65,7209,5543,108,49,59,5435,1666,140,{'url': 'https://www.chicago.gov/content/dam/city/sites/covid/reports/hospital-capacity/2021.07.07_COVID-19_ICU_Vent_Capacity_Daily_Report.pdf'}
2021-07-05T00:00:00.000,1906,542,15,10,5,527,1364,1314,50,1103,929,174,791,29,19,10,762,312,249,63,7209,5650,84,42,42,5566,1559,113,{'url': 'https://www.chicago.gov/content/dam/city/sites/covid/reports/hospital-capacity/2021.07.06_COVID-19_ICU_Vent_Capacity_Daily_Report.pdf'}
2021-07-04T00:00:00.000,1904,551,11,8,3,540,1353,1303,50,1102,928,174,822,24,18,6,798,280,218,62,7217,5412,79,47,32,5333,1805,103,{'url': 'https://www.chicago.gov/content/dam/city/sites/covid/reports/hospital-capacity/2021.07.05_COVID-19_ICU_Vent_Capacity_Daily_Report.pdf'}
2021-07-03T00:00:00.000,1904,579,11,7,4,568,1325,1275,50,1102,928,174,870,25,18,7,845,232,183,49,7209,5639,81,43,38,5558,1570,106,{'url': 'https://www.chicago.gov/content/dam/city/sites/covid/reports/hospital-capacity/2021.07.04_COVID-19_ICU_Vent_Capacity_Daily_Report.pdf'}
2021-07-02T00:00:00.000,1904,597,13,8,5,584,1307,1257,50,1103,929,174,875,31,21,10,844,228,196,32,7213,5791,84,44,40,5707,1422,115,{'url': 'https://www.chicago.gov/content/dam/city/sites/covid/reports/hospital-capacity/2021.07.03_COVID-19_ICU_Vent_Capacity_Daily_Report.pdf'}
2021-07-01T00:00:00.000,1905,558,11,9,2,547,1347,1297,50,1102,928,174,901,31,21,10,870,201,163,38,7216,5727,84,42,42,5643,1489,115,{'url': 'https://www.chicago.gov/content/dam/city/sites/covid/reports/hospital-capacity/2021.07.02_COVID-19_ICU_Vent_Capacity_Daily_Report.pdf'}
2021-06-30T00:00:00.000,1903,611,11,10,1,600,1292,1242,50,1102,928,174,855,24,19,5,831,247,203,44,7216,5785,81,42,39,5704,1431,105,{'url': 'https://www.chicago.gov/content/dam/city/sites/covid/reports/hospital-capacity/2021.06.31_COVID-19_ICU_Vent_Capacity_Daily_Report.pdf'}
2021-06-29T00:00:00.000,1903,591,15,12,3,576,1312,1262,50,1104,930,174,878,35,21,14,843,226,187,39,7212,5813,76,41,35,5737,1399,111,{'url': 'https://www.chicago.gov/content/dam/city/sites/covid/reports/hospital-capacity/2021.06.30_COVID-19_ICU_Vent_Capacity_Daily_Report.pdf'}
2021-06-28T00:00:00.000,1905,560,14,12,2,546,1345,1295,50,1103,929,174,818,30,24,6,788,285,228,57,7174,5643,83,35,48,5560,1531,113,{'url': 'https://www.chicago.gov/content/dam/city/sites/covid/reports/hospital-capacity/2021.06.29_COVID-19_ICU_Vent_Capacity_Daily_Report.pdf'}
2021-06-27T00:00:00.000,1903,552,15,12,3,537,1351,1301,50,1104,930,174,804,36,25,11,768,300,252,48,7202,5610,93,39,54,5517,1592,129,{'url': 'https://www.chicago.gov/content/dam/city/sites/covid/reports/hospital-capacity/2021.06.28_COVID-19_ICU_Vent_Capacity_Daily_Report.pdf'}
2021-06-26T00:00:00.000,1903,566,17,12,5,549,1337,1287,50,1103,929,174,876,44,26,18,832,227,190,37,7201,5719,91,41,50,5628,1482,135,{'url': 'https://www.chicago.gov/content/dam/city/sites/covid/reports/hospital-capacity/2021.06.27_COVID-19_ICU_Vent_Capacity_Daily_Report.pdf'}
2021-06-25T00:00:00.000,1905,606,16,14,2,590,1299,1249,50,1109,935,174,867,45,35,10,822,242,204,38,7198,5804,87,43,44,5717,1394,132,{'url': 'https://www.chicago.gov/content/dam/city/sites/covid/reports/hospital-capacity/2021.06.26_COVID-19_ICU_Vent_Capacity_Daily_Report.pdf'}
2021-06-24T00:00:00.000,1905,598,25,21,4,573,1307,1257,50,1109,935,174,885,36,29,7,849,224,189,35,7206,5719,99,46,53,5620,1487,135,{'url': 'https://www.chicago.gov/content/dam/city/sites/covid/reports/hospital-capacity/2021.06.25_COVID-19_ICU_Vent_Capacity_Daily_Report.pdf'}
2021-06-23T00:00:00.000,1907,572,20,16,4,552,1335,1285,50,1111,933,178,851,40,29,11,811,260,223,37,7207,5806,99,45,54,5707,1401,139,{'url': 'https://www.chicago.gov/content/dam/city/sites/covid/reports/hospital-capacity/2021.06.24_COVID-19_ICU_Vent_Capacity_Daily_Report.pdf'}
2021-06-22T00:00:00.000,1907,559,16,15,1,543,1348,1298,50,1112,934,178,847,41,35,6,806,265,223,42,7207,5794,116,51,65,5678,1413,157,{'url': 'https://www.chicago.gov/content/dam/city/sites/covid/reports/hospital-capacity/2021.06.23_COVID-19_ICU_Vent_Capacity_Daily_Report.pdf'}
2021-06-21T00:00:00.000,1905,572,20,17,3,552,1333,1283,50,1110,932,178,839,42,37,5,797,271,217,54,7195,5744,95,49,46,5649,1451,137,{'url': 'https://www.chicago.gov/content/dam/city/sites/covid/reports/hospital-capacity/2021.06.22_COVID-19_ICU_Vent_Capacity_Daily_Report.pdf'}
2021-06-20T00:00:00.000,1905,574,20,17,3,554,1331,1281,50,1109,931,178,843,41,34,7,802,266,214,52,7176,5602,100,52,48,5502,1574,141,{'url': 'https://www.chicago.gov/content/dam/city/sites/covid/reports/hospital-capacity/2021.06.21_COVID-19_ICU_Vent_Capacity_Daily_Report.pdf'}
2021-06-19T00:00:00.000,1923,574,25,22,3,549,1349,1299,50,1112,934,178,868,43,35,8,825,244,197,47,7180,5647,99,52,47,5548,1533,142,{'url': 'https://www.chicago.gov/content/dam/city/sites/covid/reports/hospital-capacity/2021.06.20_COVID-19_ICU_Vent_Capacity_Daily_Report.pdf'}
2021-06-18T00:00:00.000,1916,573,24,23,1,549,1343,1293,50,1109,931,178,863,49,39,10,814,246,196,50,7180,5917,98,57,41,5819,1263,147,{'url': 'https://www.chicago.gov/content/dam/city/sites/covid/reports/hospital-capacity/2021.06.19_COVID-19_ICU_Vent_Capacity_Daily_Report.pdf'}
2021-06-17T00:00:00.000,1905,596,26,24,2,570,1309,1259,50,1109,931,178,864,44,37,7,820,245,193,52,7193,6049,115,58,57,5934,1144,159,{'url': 'https://www.chicago.gov/content/dam/city/sites/covid/reports/hospital-capacity/2021.06.18_COVID-19_ICU_Vent_Capacity_Daily_Report.pdf'}
2021-06-16T00:00:00.000,1902,621,28,25,3,593,1281,1231,50,1111,933,178,892,45,37,8,847,219,176,43,7198,5846,123,75,48,5723,1352,168,{'url': 'https://www.chicago.gov/content/dam/city/sites/covid/reports/hospital-capacity/2021.06.17_COVID-19_ICU_Vent_Capacity_Daily_Report.pdf'}
2021-06-15T00:00:00.000,1902,623,24,23,1,599,1279,1229,50,1111,933,178,874,55,44,11,819,237,189,48,7177,5922,150,77,73,5772,1255,205,{'url': 'https://www.chicago.gov/content/dam/city/sites/covid/reports/hospital-capacity/2021.06.16_COVID-19_ICU_Vent_Capacity_Daily_Report.pdf'}
2021-06-14T00:00:00.000,1902,563,26,23,3,537,1339,1289,50,1109,931,178,792,52,42,10,740,317,261,56,7160,5760,135,76,59,5625,1400,187,{'url': 'https://www.chicago.gov/content/dam/city/sites/covid/reports/hospital-capacity/2021.06.15_COVID-19_ICU_Vent_Capacity_Daily_Report.pdf'}
2021-06-13T00:00:00.000,1905,545,35,27,8,510,1360,1310,50,1109,931,178,845,61,44,17,784,264,207,57,7161,5762,154,86,68,5608,1399,215,{'url': 'https://www.chicago.gov/content/dam/city/sites/covid/reports/hospital-capacity/2021.06.14_COVID-19_ICU_Vent_Capacity_Daily_Report.pdf'}
2021-06-12T00:00:00.000,1905,586,33,28,5,553,1319,1269,50,1108,930,178,887,61,47,14,826,221,166,55,7163,5921,152,92,60,5769,1242,213,{'url': 'https://www.chicago.gov/content/dam/city/sites/covid/reports/hospital-capacity/2021.06.13_COVID-19_ICU_Vent_Capacity_Daily_Report.pdf'}
2021-06-11T00:00:00.000,1905,615,31,29,2,584,1290,1240,50,1106,928,178,883,72,54,18,811,223,173,50,7160,5996,171,100,71,5825,1164,243,{'url': 'https://www.chicago.gov/content/dam/city/sites/covid/reports/hospital-capacity/2021.06.12_COVID-19_ICU_Vent_Capacity_Daily_Report.pdf'}
2021-06-10T00:00:00.000,1905,627,29,27,2,598,1278,1228,50,1137,959,178,910,65,52,13,845,227,173,54,7230,6070,167,101,66,5903,1160,232,{'url': 'https://www.chicago.gov/content/dam/city/sites/covid/reports/hospital-capacity/2021.06.11_COVID-19_ICU_Vent_Capacity_Daily_Report.pdf'}
2021-06-09T00:00:00.000,1900,619,31,26,5,588,1281,1231,50,1135,957,178,933,71,57,14,862,202,154,48,7237,6051,180,107,73,5871,1186,251,{'url': 'https://www.chicago.gov/content/dam/city/sites/covid/reports/hospital-capacity/2021.06.10_COVID-19_ICU_Vent_Capacity_Daily_Report.pdf'}
2021-06-08T00:00:00.000,1898,653,35,28,7,618,1245,1195,50,1137,959,178,916,69,56,13,847,221,172,49,7233,6092,191,110,81,5901,1141,260,{'url': 'https://www.chicago.gov/content/dam/city/sites/covid/reports/hospital-capacity/2021.06.09_COVID-19_ICU_Vent_Capacity_Daily_Report.pdf'}
2021-06-07T00:00:00.000,1900,626,41,35,6,585,1274,1224,50,1135,957,178,837,71,55,16,766,298,241,57,7238,5735,168,111,57,5567,1503,239,{'url': 'https://www.chicago.gov/content/dam/city/sites/covid/reports/hospital-capacity/2021.06.08_COVID-19_ICU_Vent_Capacity_Daily_Report.pdf'}
2021-06-06T00:00:00.000,1908,606,37,35,2,569,1302,1252,50,1138,960,178,828,65,55,10,763,310,252,58,7227,5614,160,109,51,5454,1613,225,{'url': 'https://www.chicago.gov/content/dam/city/sites/covid/reports/hospital-capacity/2021.06.07_COVID-19_ICU_Vent_Capacity_Daily_Report.pdf'}
2021-06-05T00:00:00.000,1908,653,37,32,5,616,1255,1205,50,1138,960,178,869,63,50,13,806,269,219,50,7227,5814,172,122,50,5642,1413,235,{'url': 'https://www.chicago.gov/content/dam/city/sites/covid/reports/hospital-capacity/2021.06.06_COVID-19_ICU_Vent_Capacity_Daily_Report.pdf'}
2021-06-04T00:00:00.000,1912,637,39,35,4,598,1275,1225,50,1136,958,178,894,68,58,10,826,242,200,42,7242,5995,197,134,63,5798,1247,265,{'url': 'https://www.chicago.gov/content/dam/city/sites/covid/reports/hospital-capacity/2021.06.05_COVID-19_ICU_Vent_Capacity_Daily_Report.pdf'}
2021-06-03T00:00:00.000,1914,644,45,39,6,599,1270,1220,50,1136,958,178,875,66,54,12,809,261,215,46,7228,5945,188,144,44,5757,1283,254,{'url': 'https://www.chicago.gov/content/dam/city/sites/covid/reports/hospital-capacity/2021.06.04_COVID-19_ICU_Vent_Capacity_Daily_Report.pdf'}
2021-06-02T00:00:00.000,1914,659,51,41,10,608,1255,1205,50,1135,957,178,862,86,65,21,776,273,223,50,7233,5713,213,147,66,5500,1520,299,{'url': 'https://www.chicago.gov/content/dam/city/sites/covid/reports/hospital-capacity/2021.06.03_COVID-19_ICU_Vent_Capacity_Daily_Report.pdf'}
2021-06-01T00:00:00.000,1924,646,49,43,6,597,1278,1228,50,1135,957,178,805,81,72,9,724,330,275,55,7241,5513,214,138,76,5299,1728,295,{'url': 'https://www.chicago.gov/content/dam/city/sites/covid/reports/hospital-capacity/2021.06.02_COVID-19_ICU_Vent_Capacity_Daily_Report.pdf'}
2021-05-31T00:00:00.000,1926,638,53,49,4,585,1288,1238,50,1136,958,178,799,78,71,7,721,337,290,47,7239,5332,192,137,55,5140,1907,270,{'url': 'https://www.chicago.gov/content/dam/city/sites/covid/reports/hospital-capacity/2021.05.32_COVID-19_ICU_Vent_Capacity_Daily_Report.pdf'}
2021-05-30T00:00:00.000,1918,604,62,52,10,542,1314,1264,50,1136,958,178,809,98,84,14,711,327,263,64,7212,5467,229,169,60,5238,1745,327,{'url': 'https://www.chicago.gov/content/dam/city/sites/covid/reports/hospital-capacity/2021.05.31_COVID-19_ICU_Vent_Capacity_Daily_Report.pdf'}
2021-05-29T00:00:00.000,1914,585,56,51,5,529,1329,1279,50,1135,957,178,843,96,86,10,747,292,252,40,7253,5744,232,164,68,5512,1509,328,{'url': 'https://www.chicago.gov/content/dam/city/sites/covid/reports/hospital-capacity/2021.05.30_COVID-19_ICU_Vent_Capacity_Daily_Report.pdf'}
2021-05-28T00:00:00.000,1916,615,52,49,3,563,1301,1251,50,1136,958,178,867,100,93,7,767,269,223,46,7258,5807,241,172,69,5566,1451,341,{'url': 'https://www.chicago.gov/content/dam/city/sites/covid/reports/hospital-capacity/2021.05.29_COVID-19_ICU_Vent_Capacity_Daily_Report.pdf'}
2021-05-27T00:00:00.000,1916,609,51,47,4,558,1307,1257,50,1136,958,178,887,103,91,12,784,249,211,38,7254,5828,264,192,72,5564,1426,367,{'url': 'https://www.chicago.gov/content/dam/city/sites/covid/reports/hospital-capacity/2021.05.28_COVID-19_ICU_Vent_Capacity_Daily_Report.pdf'}
2021-05-26T00:00:00.000,1918,592,58,53,5,534,1326,1276,50,1135,957,178,870,107,97,10,763,265,226,39,7258,5796,277,199,78,5519,1462,384,{'url': 'https://www.chicago.gov/content/dam/city/sites/covid/reports/hospital-capacity/2021.05.27_COVID-19_ICU_Vent_Capacity_Daily_Report.pdf'}
2021-05-25T00:00:00.000,1913,594,53,49,4,541,1319,1269,50,1134,956,178,896,117,102,15,779,238,197,41,7242,5958,271,189,82,5687,1284,388,{'url': 'https://www.chicago.gov/content/dam/city/sites/covid/reports/hospital-capacity/2021.05.26_COVID-19_ICU_Vent_Capacity_Daily_Report.pdf'}
2021-05-24T00:00:00.000,1933,624,53,50,3,571,1309,1259,50,1134,956,178,851,107,94,13,744,283,227,56,7232,5776,249,190,59,5527,1456,356,{'url': 'https://www.chicago.gov/content/dam/city/sites/covid/reports/hospital-capacity/2021.05.25_COVID-19_ICU_Vent_Capacity_Daily_Report.pdf'}
2021-05-23T00:00:00.000,1913,1049,54,51,3,995,864,814,50,1135,957,178,840,95,92,3,745,295,238,57,7248,5706,281,204,77,5425,1542,376,{'url': 'https://www.chicago.gov/content/dam/city/sites/covid/reports/hospital-capacity/2021.05.24_COVID-19_ICU_Vent_Capacity_Daily_Report.pdf'}
2021-05-22T00:00:00.000,1915,624,60,57,3,564,1291,1241,50,1134,956,178,887,107,101,6,780,247,203,44,7233,5696,290,207,83,5406,1537,397,{'url': 'https://www.chicago.gov/content/dam/city/sites/covid/reports/hospital-capacity/2021.05.23_COVID-19_ICU_Vent_Capacity_Daily_Report.pdf'}
2021-05-21T00:00:00.000,1913,635,57,55,2,578,1278,1228,50,1134,956,178,904,109,103,6,795,230,187,43,7246,5901,281,217,64,5620,1345,390,{'url': 'https://www.chicago.gov/content/dam/city/sites/covid/reports/hospital-capacity/2021.05.22_COVID-19_ICU_Vent_Capacity_Daily_Report.pdf'}
2021-05-20T00:00:00.000,2179,856,64,60,4,792,1323,1273,50,1215,1037,178,1004,114,99,15,890,211,179,32,7207,5851,287,213,74,5564,1356,401,{'url': 'https://www.chicago.gov/content/dam/city/sites/covid/reports/hospital-capacity/2021.05.21_COVID-19_ICU_Vent_Capacity_Daily_Report.pdf'}
2021-05-19T00:00:00.000,1910,652,65,61,4,587,1258,1208,50,1214,1036,178,972,131,117,14,841,242,199,43,7216,5735,283,220,63,5452,1481,414,{'url': 'https://www.chicago.gov/content/dam/city/sites/covid/reports/hospital-capacity/2021.05.20_COVID-19_ICU_Vent_Capacity_Daily_Report.pdf'}
2021-05-18T00:00:00.000,1910,645,71,60,11,574,1265,1215,50,1215,1037,178,982,125,108,17,857,233,187,46,7217,5808,315,232,83,5493,1409,440,{'url': 'https://www.chicago.gov/content/dam/city/sites/covid/reports/hospital-capacity/2021.05.19_COVID-19_ICU_Vent_Capacity_Daily_Report.pdf'}
2021-05-17T00:00:00.000,1912,597,68,59,9,529,1315,1265,50,1214,1036,178,940,128,106,22,812,274,225,49,7204,5525,268,218,50,5257,1679,396,{'url': 'https://www.chicago.gov/content/dam/city/sites/covid/reports/hospital-capacity/2021.05.18_COVID-19_ICU_Vent_Capacity_Daily_Report.pdf'}
2021-05-16T00:00:00.000,1911,601,64,57,7,537,1310,1260,50,1214,1036,178,913,115,101,14,798,301,251,50,7181,5522,277,224,53,5245,1659,392,{'url': 'https://www.chicago.gov/content/dam/city/sites/covid/reports/hospital-capacity/2021.05.17_COVID-19_ICU_Vent_Capacity_Daily_Report.pdf'}
2021-05-15T00:00:00.000,1912,592,65,61,4,527,1320,1270,50,1215,1037,178,943,115,102,13,828,272,225,47,7234,5550,298,231,67,5252,1684,413,{'url': 'https://www.chicago.gov/content/dam/city/sites/covid/reports/hospital-capacity/2021.05.16_COVID-19_ICU_Vent_Capacity_Daily_Report.pdf'}
2021-05-14T00:00:00.000,1912,614,69,65,4,545,1298,1248,50,1214,1036,178,927,120,105,15,807,287,235,52,7256,5714,275,215,60,5439,1542,395,{'url': 'https://www.chicago.gov/content/dam/city/sites/covid/reports/hospital-capacity/2021.05.15_COVID-19_ICU_Vent_Capacity_Daily_Report.pdf'}
2021-05-13T00:00:00.000,1902,615,63,59,4,552,1287,1237,50,1215,1037,178,972,136,126,10,836,243,199,44,7263,5596,360,300,60,5236,1667,496,{'url': 'https://www.chicago.gov/content/dam/city/sites/covid/reports/hospital-capacity/2021.05.14_COVID-19_ICU_Vent_Capacity_Daily_Report.pdf'}
2021-05-12T00:00:00.000,1909,639,69,63,6,570,1270,1220,50,1217,1039,178,947,135,116,19,812,270,222,48,7257,5623,316,248,68,5307,1634,451,{'url': 'https://www.chicago.gov/content/dam/city/sites/covid/reports/hospital-capacity/2021.05.13_COVID-19_ICU_Vent_Capacity_Daily_Report.pdf'}
2021-05-11T00:00:00.000,1917,618,76,69,7,542,1299,1249,50,1216,1038,178,942,141,121,20,801,274,221,53,7245,5700,351,261,90,5349,1545,492,{'url': 'https://www.chicago.gov/content/dam/city/sites/covid/reports/hospital-capacity/2021.05.12_COVID-19_ICU_Vent_Capacity_Daily_Report.pdf'}
2021-05-10T00:00:00.000,1921,613,91,84,7,522,1308,1258,50,1216,1038,178,916,150,133,17,766,300,235,65,7265,5537,370,278,92,5167,1728,520,{'url': 'https://www.chicago.gov/content/dam/city/sites/covid/reports/hospital-capacity/2021.05.11_COVID-19_ICU_Vent_Capacity_Daily_Report.pdf'}
2021-05-09T00:00:00.000,1919,653,71,68,3,582,1266,1216,50,1217,1039,178,922,142,129,13,780,295,226,69,7234,5606,379,287,92,5227,1628,521,{'url': 'https://www.chicago.gov/content/dam/city/sites/covid/reports/hospital-capacity/2021.05.10_COVID-19_ICU_Vent_Capacity_Daily_Report.pdf'}
2021-05-08T00:00:00.000,1920,595,69,68,1,526,1325,1275,50,1216,1038,178,936,129,122,7,807,280,222,58,7238,5546,358,282,76,5188,1692,487,{'url': 'https://www.chicago.gov/content/dam/city/sites/covid/reports/hospital-capacity/2021.05.09_COVID-19_ICU_Vent_Capacity_Daily_Report.pdf'}
2021-05-07T00:00:00.000,1918,603,84,77,7,519,1315,1265,50,1216,1038,178,954,146,134,12,808,262,208,54,7248,5864,355,296,59,5509,1384,501,{'url': 'https://www.chicago.gov/content/dam/city/sites/covid/reports/hospital-capacity/2021.05.08_COVID-19_ICU_Vent_Capacity_Daily_Report.pdf'}
2021-05-06T00:00:00.000,1966,581,68,66,2,513,1385,1335,50,1217,1039,178,980,140,133,7,840,237,181,56,7265,5888,380,296,84,5508,1377,520,{'url': 'https://www.chicago.gov/content/dam/city/sites/covid/reports/hospital-capacity/2021.05.07_COVID-19_ICU_Vent_Capacity_Daily_Report.pdf'}
2021-05-05T00:00:00.000,1966,619,76,68,8,543,1347,1297,50,1217,1039,178,970,156,136,20,814,247,192,55,7249,5742,393,312,81,5349,1507,549,{'url': 'https://www.chicago.gov/content/dam/city/sites/covid/reports/hospital-capacity/2021.05.06_COVID-19_ICU_Vent_Capacity_Daily_Report.pdf'}
2021-05-04T00:00:00.000,1969,600,71,65,6,529,1369,1319,50,1217,1039,178,993,154,137,17,839,224,175,49,7256,5825,362,307,55,5463,1431,516,{'url': 'https://www.chicago.gov/content/dam/city/sites/covid/reports/hospital-capacity/2021.05.05_COVID-19_ICU_Vent_Capacity_Daily_Report.pdf'}
2021-05-03T00:00:00.000,1965,567,75,66,9,492,1398,1348,50,1217,1039,178,920,148,134,14,772,297,240,57,7256,5641,379,298,81,5262,1615,527,{'url': 'https://www.chicago.gov/content/dam/city/sites/covid/reports/hospital-capacity/2021.05.04_COVID-19_ICU_Vent_Capacity_Daily_Report.pdf'}
2021-05-02T00:00:00.000,1977,590,74,67,7,516,1387,1337,50,1218,1040,178,908,145,135,10,763,310,250,60,7256,5622,355,292,63,5267,1634,500,{'url': 'https://www.chicago.gov/content/dam/city/sites/covid/reports/hospital-capacity/2021.05.03_COVID-19_ICU_Vent_Capacity_Daily_Report.pdf'}
2021-05-01T00:00:00.000,1977,576,63,59,4,513,1401,1351,50,1216,1038,178,975,136,126,10,839,241,184,57,7250,5713,360,300,60,5353,1537,496,{'url': 'https://www.chicago.gov/content/dam/city/sites/covid/reports/hospital-capacity/2021.05.02_COVID-19_ICU_Vent_Capacity_Daily_Report.pdf'}
2021-04-30T00:00:00.000,1967,615,67,63,4,548,1352,1302,50,1218,1040,178,992,140,129,11,852,226,182,44,7254,5875,373,317,56,5502,1379,513,{'url': 'https://www.chicago.gov/content/dam/city/sites/covid/reports/hospital-capacity/2021.04.31_COVID-19_ICU_Vent_Capacity_Daily_Report.pdf'}
2021-04-29T00:00:00.000,1977,598,63,60,3,535,1379,1329,50,1217,1039,178,979,138,127,11,841,238,199,39,7249,5833,368,288,80,5465,1416,506,{'url': 'https://www.chicago.gov/content/dam/city/sites/covid/reports/hospital-capacity/2021.04.30_COVID-19_ICU_Vent_Capacity_Daily_Report.pdf'}
2021-04-28T00:00:00.000,1980,612,60,57,3,552,1368,1318,50,1219,1041,178,986,128,119,9,858,233,201,32,7285,5851,393,316,77,5458,1434,521,{'url': 'https://www.chicago.gov/content/dam/city/sites/covid/reports/hospital-capacity/2021.04.29_COVID-19_ICU_Vent_Capacity_Daily_Report.pdf'}
2021-04-27T00:00:00.000,1998,587,66,61,5,521,1411,1361,50,1220,1042,178,967,145,128,17,822,253,210,43,7355,5908,394,313,81,5514,1447,539,{'url': 'https://www.chicago.gov/content/dam/city/sites/covid/reports/hospital-capacity/2021.04.28_COVID-19_ICU_Vent_Capacity_Daily_Report.pdf'}
2021-04-26T00:00:00.000,1997,593,73,64,9,520,1404,1354,50,1215,1037,178,907,142,122,20,765,308,257,51,7330,5712,384,311,73,5328,1618,526,{'url': 'https://www.chicago.gov/content/dam/city/sites/covid/reports/hospital-capacity/2021.04.27_COVID-19_ICU_Vent_Capacity_Daily_Report.pdf'}
2021-04-25T00:00:00.000,1997,610,73,69,4,537,1387,1337,50,1215,1037,178,917,146,135,11,771,298,251,47,7340,5613,374,308,66,5239,1727,520,{'url': 'https://www.chicago.gov/content/dam/city/sites/covid/reports/hospital-capacity/2021.04.26_COVID-19_ICU_Vent_Capacity_Daily_Report.pdf'}
2021-04-24T00:00:00.000,1997,572,70,64,6,502,1425,1375,50,1217,1039,178,966,138,125,13,828,251,209,42,7365,5761,373,309,64,5388,1604,511,{'url': 'https://www.chicago.gov/content/dam/city/sites/covid/reports/hospital-capacity/2021.04.25_COVID-19_ICU_Vent_Capacity_Daily_Report.pdf'}
2021-04-23T00:00:00.000,1997,589,62,58,4,527,1408,1358,50,1218,1040,178,977,130,123,7,847,241,195,46,7363,5891,383,318,65,5508,1472,513,{'url': 'https://www.chicago.gov/content/dam/city/sites/covid/reports/hospital-capacity/2021.04.24_COVID-19_ICU_Vent_Capacity_Daily_Report.pdf'}
2021-04-22T00:00:00.000,1996,599,67,64,3,532,1397,1347,50,1218,1040,178,962,163,131,32,799,256,208,48,7368,5874,365,307,58,5509,1494,528,{'url': 'https://www.chicago.gov/content/dam/city/sites/covid/reports/hospital-capacity/2021.04.23_COVID-19_ICU_Vent_Capacity_Daily_Report.pdf'}
2021-04-21T00:00:00.000,1996,622,65,61,4,557,1374,1324,50,1218,1040,178,994,150,138,12,844,224,189,35,7363,5852,374,301,73,5478,1511,524,{'url': 'https://www.chicago.gov/content/dam/city/sites/covid/reports/hospital-capacity/2021.04.22_COVID-19_ICU_Vent_Capacity_Daily_Report.pdf'}
2021-04-20T00:00:00.000,1995,618,71,64,7,547,1377,1327,50,1217,1039,178,976,160,144,16,816,241,190,51,7383,5855,388,291,97,5467,1528,548,{'url': 'https://www.chicago.gov/content/dam/city/sites/covid/reports/hospital-capacity/2021.04.21_COVID-19_ICU_Vent_Capacity_Daily_Report.pdf'}
2021-04-19T00:00:00.000,1995,649,74,67,7,575,1346,1296,50,1218,1040,178,924,164,139,25,760,294,234,60,7384,5670,406,306,100,5264,1714,570,{'url': 'https://www.chicago.gov/content/dam/city/sites/covid/reports/hospital-capacity/2021.04.20_COVID-19_ICU_Vent_Capacity_Daily_Report.pdf'}
2021-04-18T00:00:00.000,1975,826,73,67,6,753,1149,1099,50,1218,1040,178,922,150,130,20,772,296,243,53,7360,5677,409,306,103,5268,1683,559,{'url': 'https://www.chicago.gov/content/dam/city/sites/covid/reports/hospital-capacity/2021.04.19_COVID-19_ICU_Vent_Capacity_Daily_Report.pdf'}
2021-04-17T00:00:00.000,1985,606,62,57,5,544,1379,1329,50,1219,1041,178,952,137,127,10,815,267,207,60,7375,5793,361,282,79,5432,1582,498,{'url': 'https://www.chicago.gov/content/dam/city/sites/covid/reports/hospital-capacity/2021.04.18_COVID-19_ICU_Vent_Capacity_Daily_Report.pdf'}
2021-04-16T00:00:00.000,1985,589,66,62,4,523,1396,1346,50,1217,1039,178,951,140,124,16,811,266,217,49,7366,5934,373,288,85,5561,1432,513,{'url': 'https://www.chicago.gov/content/dam/city/sites/covid/reports/hospital-capacity/2021.04.17_COVID-19_ICU_Vent_Capacity_Daily_Report.pdf'}
2021-04-15T00:00:00.000,1995,613,64,57,7,549,1382,1332,50,1216,1038,178,942,139,124,15,803,274,226,48,7379,5767,370,279,91,5397,1612,509,{'url': 'https://www.chicago.gov/content/dam/city/sites/covid/reports/hospital-capacity/2021.04.16_COVID-19_ICU_Vent_Capacity_Daily_Report.pdf'}
2021-04-14T00:00:00.000,1985,614,60,56,4,554,1371,1321,50,1216,1038,178,967,141,121,20,826,249,222,27,7381,5810,368,266,102,5442,1571,509,{'url': 'https://www.chicago.gov/content/dam/city/sites/covid/reports/hospital-capacity/2021.04.15_COVID-19_ICU_Vent_Capacity_Daily_Report.pdf'}
2021-04-13T00:00:00.000,1985,630,51,48,3,579,1355,1305,50,1217,1039,178,944,127,113,14,817,273,212,61,7381,5946,394,281,113,5552,1435,521,{'url': 'https://www.chicago.gov/content/dam/city/sites/covid/reports/hospital-capacity/2021.04.14_COVID-19_ICU_Vent_Capacity_Daily_Report.pdf'}
2021-04-12T00:00:00.000,1985,608,53,48,5,555,1377,1327,50,1217,1039,178,956,134,119,15,822,261,214,47,7521,5943,384,267,117,5559,1578,518,{'url': 'https://www.chicago.gov/content/dam/city/sites/covid/reports/hospital-capacity/2021.04.13_COVID-19_ICU_Vent_Capacity_Daily_Report.pdf'}
2021-04-11T00:00:00.000,1975,574,50,45,5,524,1401,1351,50,1216,1038,178,917,124,110,14,793,299,251,48,7532,5866,413,283,130,5453,1666,537,{'url': 'https://www.chicago.gov/content/dam/city/sites/covid/reports/hospital-capacity/2021.04.12_COVID-19_ICU_Vent_Capacity_Daily_Report.pdf'}
2021-04-10T00:00:00.000,1975,565,57,52,5,508,1410,1360,50,1214,1036,178,949,119,101,18,830,265,211,54,7433,5692,371,270,101,5321,1741,490,{'url': 'https://www.chicago.gov/content/dam/city/sites/covid/reports/hospital-capacity/2021.04.11_COVID-19_ICU_Vent_Capacity_Daily_Report.pdf'}
2021-04-09T00:00:00.000,1985,576,52,47,5,524,1409,1359,50,1214,1036,178,960,115,104,11,845,254,213,41,7650,6065,354,270,84,5711,1585,469,{'url': 'https://www.chicago.gov/content/dam/city/sites/covid/reports/hospital-capacity/2021.04.10_COVID-19_ICU_Vent_Capacity_Daily_Report.pdf'}
2021-04-08T00:00:00.000,1985,571,44,41,3,527,1414,1364,50,1218,1040,178,941,104,92,12,837,277,234,43,7647,5974,365,259,106,5609,1673,469,{'url': 'https://www.chicago.gov/content/dam/city/sites/covid/reports/hospital-capacity/2021.04.09_COVID-19_ICU_Vent_Capacity_Daily_Report.pdf'}
2021-04-07T00:00:00.000,1979,663,45,42,3,618,1316,1266,50,1220,1042,178,944,100,91,9,844,276,220,56,7638,5987,349,246,103,5638,1651,449,{'url': 'https://www.chicago.gov/content/dam/city/sites/covid/reports/hospital-capacity/2021.04.08_COVID-19_ICU_Vent_Capacity_Daily_Report.pdf'}
2021-04-06T00:00:00.000,1959,581,48,41,7,533,1378,1328,50,1216,1038,178,933,104,90,14,829,283,248,35,7642,5981,326,243,83,5655,1661,430,{'url': 'https://www.chicago.gov/content/dam/city/sites/covid/reports/hospital-capacity/2021.04.07_COVID-19_ICU_Vent_Capacity_Daily_Report.pdf'}
2021-04-05T00:00:00.000,1977,572,44,39,5,528,1405,1355,50,1216,1038,178,905,101,91,10,804,311,271,40,7637,5729,293,211,82,5436,1908,394,{'url': 'https://www.chicago.gov/content/dam/city/sites/covid/reports/hospital-capacity/2021.04.06_COVID-19_ICU_Vent_Capacity_Daily_Report.pdf'}
2021-04-04T00:00:00.000,1976,568,49,39,10,519,1408,1358,50,1216,1038,178,898,109,92,17,789,318,273,45,7619,5788,281,209,72,5507,1831,390,{'url': 'https://www.chicago.gov/content/dam/city/sites/covid/reports/hospital-capacity/2021.04.05_COVID-19_ICU_Vent_Capacity_Daily_Report.pdf'}
2021-04-03T00:00:00.000,1974,569,49,41,8,520,1405,1355,50,1216,1038,178,922,103,88,15,819,294,252,42,7642,5786,269,211,58,5517,1856,372,{'url': 'https://www.chicago.gov/content/dam/city/sites/covid/reports/hospital-capacity/2021.04.04_COVID-19_ICU_Vent_Capacity_Daily_Report.pdf'}
2021-04-02T00:00:00.000,1974,587,42,41,1,545,1387,1337,50,1216,1038,178,925,100,88,12,825,291,243,48,7391,5674,250,198,52,5424,1717,350,{'url': 'https://www.chicago.gov/content/dam/city/sites/covid/reports/hospital-capacity/2021.04.03_COVID-19_ICU_Vent_Capacity_Daily_Report.pdf'}
2021-04-01T00:00:00.000,1974,632,42,36,6,590,1342,1292,50,1217,1039,178,929,96,87,9,833,288,243,45,7661,5833,273,196,77,5560,1828,369,{'url': 'https://www.chicago.gov/content/dam/city/sites/covid/reports/hospital-capacity/2021.04.02_COVID-19_ICU_Vent_Capacity_Daily_Report.pdf'}
2021-03-31T00:00:00.000,1964,573,36,30,6,537,1391,1341,50,1217,1039,178,950,96,83,13,854,267,220,47,7668,5972,264,191,73,5708,1696,360,{'url': 'https://www.chicago.gov/content/dam/city/sites/covid/reports/hospital-capacity/2021.03.32_COVID-19_ICU_Vent_Capacity_Daily_Report.pdf'}
2021-03-30T00:00:00.000,1966,593,38,32,6,555,1373,1323,50,1216,1038,178,942,97,91,6,845,274,226,48,7652,6108,266,185,81,5842,1544,363,{'url': 'https://www.chicago.gov/content/dam/city/sites/covid/reports/hospital-capacity/2021.03.31_COVID-19_ICU_Vent_Capacity_Daily_Report.pdf'}
2021-03-29T00:00:00.000,1964,572,35,29,6,537,1392,1342,50,1215,1037,178,909,87,75,12,822,306,251,55,7624,5867,239,182,57,5628,1757,326,{'url': 'https://www.chicago.gov/content/dam/city/sites/covid/reports/hospital-capacity/2021.03.30_COVID-19_ICU_Vent_Capacity_Daily_Report.pdf'}
2021-03-28T00:00:00.000,1974,594,33,31,2,561,1380,1330,50,1218,1040,178,932,79,73,6,853,286,251,35,7666,5845,247,181,66,5598,1821,326,{'url': 'https://www.chicago.gov/content/dam/city/sites/covid/reports/hospital-capacity/2021.03.29_COVID-19_ICU_Vent_Capacity_Daily_Report.pdf'}
2021-03-27T00:00:00.000,1974,577,38,33,5,539,1397,1347,50,1217,1039,178,954,92,71,21,862,263,232,31,7670,6003,234,166,68,5769,1667,326,{'url': 'https://www.chicago.gov/content/dam/city/sites/covid/reports/hospital-capacity/2021.03.28_COVID-19_ICU_Vent_Capacity_Daily_Report.pdf'}
2021-03-26T00:00:00.000,1971,591,33,28,5,558,1380,1330,50,1218,1040,178,923,82,68,14,841,295,240,55,7653,6053,259,190,69,5794,1600,341,{'url': 'https://www.chicago.gov/content/dam/city/sites/covid/reports/hospital-capacity/2021.03.27_COVID-19_ICU_Vent_Capacity_Daily_Report.pdf'}
2021-03-25T00:00:00.000,1981,617,39,28,11,578,1364,1314,50,1217,1039,178,935,86,64,22,849,282,247,35,7680,6081,269,183,86,5812,1599,355,{'url': 'https://www.chicago.gov/content/dam/city/sites/covid/reports/hospital-capacity/2021.03.26_COVID-19_ICU_Vent_Capacity_Daily_Report.pdf'}
2021-03-24T00:00:00.000,1981,627,37,33,4,590,1354,1304,50,1216,1038,178,931,93,70,23,838,285,256,29,7670,6037,233,164,69,5804,1633,326,{'url': 'https://www.chicago.gov/content/dam/city/sites/covid/reports/hospital-capacity/2021.03.25_COVID-19_ICU_Vent_Capacity_Daily_Report.pdf'}
2021-03-23T00:00:00.000,1973,610,40,35,5,570,1363,1313,50,1218,1040,178,919,87,70,17,832,299,261,38,7673,5978,248,155,93,5730,1695,335,{'url': 'https://www.chicago.gov/content/dam/city/sites/covid/reports/hospital-capacity/2021.03.24_COVID-19_ICU_Vent_Capacity_Daily_Report.pdf'}
2021-03-22T00:00:00.000,1985,562,39,34,5,523,1423,1373,50,1216,1038,178,918,85,69,16,833,298,237,61,7671,5872,252,165,87,5620,1799,337,{'url': 'https://www.chicago.gov/content/dam/city/sites/covid/reports/hospital-capacity/2021.03.23_COVID-19_ICU_Vent_Capacity_Daily_Report.pdf'}
2021-03-21T00:00:00.000,1974,555,31,28,3,524,1419,1369,50,1218,1040,178,876,66,48,18,810,342,296,46,7655,5822,222,149,73,5600,1833,288,{'url': 'https://www.chicago.gov/content/dam/city/sites/covid/reports/hospital-capacity/2021.03.22_COVID-19_ICU_Vent_Capacity_Daily_Report.pdf'}
2021-03-20T00:00:00.000,1968,576,31,28,3,545,1392,1342,50,1218,1040,178,921,67,55,12,854,297,259,38,7645,5922,223,158,65,5699,1723,290,{'url': 'https://www.chicago.gov/content/dam/city/sites/covid/reports/hospital-capacity/2021.03.21_COVID-19_ICU_Vent_Capacity_Daily_Report.pdf'}
2021-03-19T00:00:00.000,1971,571,34,30,4,537,1400,1350,50,1216,1038,178,895,62,52,10,833,321,264,57,7669,5962,235,156,79,5727,1707,297,{'url': 'https://www.chicago.gov/content/dam/city/sites/covid/reports/hospital-capacity/2021.03.20_COVID-19_ICU_Vent_Capacity_Daily_Report.pdf'}
2021-03-18T00:00:00.000,1974,556,36,31,5,520,1418,1368,50,1213,1035,178,899,71,53,18,828,314,270,44,7647,6003,217,148,69,5786,1644,288,{'url': 'https://www.chicago.gov/content/dam/city/sites/covid/reports/hospital-capacity/2021.03.19_COVID-19_ICU_Vent_Capacity_Daily_Report.pdf'}
2021-03-17T00:00:00.000,1970,570,37,32,5,533,1400,1350,50,1213,1035,178,908,70,58,12,838,305,261,44,7648,5890,212,145,67,5678,1758,282,{'url': 'https://www.chicago.gov/content/dam/city/sites/covid/reports/hospital-capacity/2021.03.18_COVID-19_ICU_Vent_Capacity_Daily_Report.pdf'}
2021-03-16T00:00:00.000,1969,558,33,29,4,525,1411,1361,50,1213,1035,178,905,76,60,16,829,308,246,62,7650,5913,229,134,95,5684,1737,305,{'url': 'https://www.chicago.gov/content/dam/city/sites/covid/reports/hospital-capacity/2021.03.17_COVID-19_ICU_Vent_Capacity_Daily_Report.pdf'}
2021-03-15T00:00:00.000,1970,582,39,35,4,543,1388,1338,50,1213,1035,178,878,70,57,13,808,335,286,49,7632,5656,224,143,81,5432,1976,294,{'url': 'https://www.chicago.gov/content/dam/city/sites/covid/reports/hospital-capacity/2021.03.16_COVID-19_ICU_Vent_Capacity_Daily_Report.pdf'}
2021-03-14T00:00:00.000,1971,600,41,35,6,559,1371,1321,50,1215,1037,178,854,63,50,13,791,361,295,66,7685,5733,238,141,97,5495,1952,301,{'url': 'https://www.chicago.gov/content/dam/city/sites/covid/reports/hospital-capacity/2021.03.15_COVID-19_ICU_Vent_Capacity_Daily_Report.pdf'}
2021-03-13T00:00:00.000,1970,590,39,31,8,551,1380,1330,50,1222,1044,178,916,71,54,17,845,306,248,58,7666,5959,230,144,86,5729,1707,301,{'url': 'https://www.chicago.gov/content/dam/city/sites/covid/reports/hospital-capacity/2021.03.14_COVID-19_ICU_Vent_Capacity_Daily_Report.pdf'}
2021-03-12T00:00:00.000,1979,557,33,29,4,524,1422,1372,50,1216,1038,178,928,70,58,12,858,288,227,61,7651,6090,220,141,79,5870,1561,290,{'url': 'https://www.chicago.gov/content/dam/city/sites/covid/reports/hospital-capacity/2021.03.13_COVID-19_ICU_Vent_Capacity_Daily_Report.pdf'}
2021-03-11T00:00:00.000,1979,582,34,32,2,548,1397,1347,50,1226,1048,178,947,72,58,14,875,279,220,59,7669,5991,228,156,72,5763,1678,300,{'url': 'https://www.chicago.gov/content/dam/city/sites/covid/reports/hospital-capacity/2021.03.12_COVID-19_ICU_Vent_Capacity_Daily_Report.pdf'}
2021-03-10T00:00:00.000,1977,586,39,37,2,547,1391,1341,50,1220,1042,178,933,75,66,9,858,287,239,48,7663,5841,235,156,79,5606,1822,310,{'url': 'https://www.chicago.gov/content/dam/city/sites/covid/reports/hospital-capacity/2021.03.11_COVID-19_ICU_Vent_Capacity_Daily_Report.pdf'}
2021-03-09T00:00:00.000,1977,584,43,39,4,541,1393,1343,50,1220,1042,178,927,77,62,15,850,293,238,55,7654,5907,240,163,77,5667,1747,317,{'url': 'https://www.chicago.gov/content/dam/city/sites/covid/reports/hospital-capacity/2021.03.10_COVID-19_ICU_Vent_Capacity_Daily_Report.pdf'}
2021-03-08T00:00:00.000,1977,595,48,41,7,547,1382,1332,50,1220,1042,178,889,88,66,22,801,331,272,59,7674,5669,227,151,76,5442,2005,315,{'url': 'https://www.chicago.gov/content/dam/city/sites/covid/reports/hospital-capacity/2021.03.09_COVID-19_ICU_Vent_Capacity_Daily_Report.pdf'}
2021-03-07T00:00:00.000,1918,508,49,40,9,459,1410,1360,50,1222,1044,178,900,105,74,31,795,322,278,44,7663,5663,238,154,84,5425,2000,343,{'url': 'https://www.chicago.gov/content/dam/city/sites/covid/reports/hospital-capacity/2021.03.08_COVID-19_ICU_Vent_Capacity_Daily_Report.pdf'}
2021-03-06T00:00:00.000,1977,609,47,41,6,562,1368,1318,50,1223,1045,178,916,92,69,23,824,307,269,38,7667,5987,237,152,85,5750,1680,329,{'url': 'https://www.chicago.gov/content/dam/city/sites/covid/reports/hospital-capacity/2021.03.07_COVID-19_ICU_Vent_Capacity_Daily_Report.pdf'}
2021-03-05T00:00:00.000,1977,577,45,43,2,532,1400,1350,50,1223,1045,178,924,78,64,14,846,299,261,38,7681,5954,245,164,81,5709,1727,323,{'url': 'https://www.chicago.gov/content/dam/city/sites/covid/reports/hospital-capacity/2021.03.06_COVID-19_ICU_Vent_Capacity_Daily_Report.pdf'}
2021-03-04T00:00:00.000,1977,548,46,43,3,502,1429,1379,50,1222,1044,178,928,77,65,12,851,294,268,26,7675,5844,238,163,75,5606,1831,315,{'url': 'https://www.chicago.gov/content/dam/city/sites/covid/reports/hospital-capacity/2021.03.05_COVID-19_ICU_Vent_Capacity_Daily_Report.pdf'}
2021-03-03T00:00:00.000,1977,522,82,76,6,440,1455,1405,50,1222,1044,178,865,82,68,14,783,357,303,54,7650,5863,235,157,78,5628,1787,317,{'url': 'https://www.chicago.gov/content/dam/city/sites/covid/reports/hospital-capacity/2021.03.04_COVID-19_ICU_Vent_Capacity_Daily_Report.pdf'}
2021-03-02T00:00:00.000,1979,579,82,76,6,497,1400,1350,50,1220,1042,178,883,82,68,14,801,337,276,61,7651,5977,242,161,81,5735,1674,324,{'url': 'https://www.chicago.gov/content/dam/city/sites/covid/reports/hospital-capacity/2021.03.03_COVID-19_ICU_Vent_Capacity_Daily_Report.pdf'}
2021-03-01T00:00:00.000,1980,562,54,49,5,508,1418,1368,50,1143,965,178,775,102,82,20,673,368,328,40,7652,5706,227,145,82,5479,1946,329,{'url': 'https://www.chicago.gov/content/dam/city/sites/covid/reports/hospital-capacity/2021.03.02_COVID-19_ICU_Vent_Capacity_Daily_Report.pdf'}
2021-02-28T00:00:00.000,1980,596,54,50,4,542,1384,1334,50,1145,967,178,785,91,79,12,694,360,299,61,7661,5702,225,145,80,5477,1959,316,{'url': 'https://www.chicago.gov/content/dam/city/sites/covid/reports/hospital-capacity/2021.02.29_COVID-19_ICU_Vent_Capacity_Daily_Report.pdf'}
2021-02-27T00:00:00.000,1982,608,52,46,6,556,1374,1324,50,1143,965,178,817,103,84,19,714,326,273,53,7654,5811,206,142,64,5605,1843,309,{'url': 'https://www.chicago.gov/content/dam/city/sites/covid/reports/hospital-capacity/2021.02.28_COVID-19_ICU_Vent_Capacity_Daily_Report.pdf'}
2021-02-26T00:00:00.000,1979,573,53,47,6,520,1406,1356,50,1143,965,178,851,103,84,19,748,292,238,54,7645,6098,233,165,68,5865,1547,336,{'url': 'https://www.chicago.gov/content/dam/city/sites/covid/reports/hospital-capacity/2021.02.27_COVID-19_ICU_Vent_Capacity_Daily_Report.pdf'}
2021-02-25T00:00:00.000,1977,585,68,58,10,517,1392,1342,50,1143,965,178,839,118,97,21,721,304,254,50,7645,6007,256,179,77,5751,1638,374,{'url': 'https://www.chicago.gov/content/dam/city/sites/covid/reports/hospital-capacity/2021.02.26_COVID-19_ICU_Vent_Capacity_Daily_Report.pdf'}
2021-02-24T00:00:00.000,1980,580,52,49,3,528,1400,1350,50,1141,963,178,831,99,86,13,732,310,257,53,7643,5921,265,187,78,5656,1722,364,{'url': 'https://www.chicago.gov/content/dam/city/sites/covid/reports/hospital-capacity/2021.02.25_COVID-19_ICU_Vent_Capacity_Daily_Report.pdf'}
2021-02-23T00:00:00.000,1977,594,57,56,1,537,1383,1333,50,1142,964,178,840,87,81,6,753,302,244,58,7646,5834,292,202,90,5542,1812,379,{'url': 'https://www.chicago.gov/content/dam/city/sites/covid/reports/hospital-capacity/2021.02.24_COVID-19_ICU_Vent_Capacity_Daily_Report.pdf'}
2021-02-22T00:00:00.000,1979,526,64,58,6,462,1453,1403,50,1142,964,178,783,106,93,13,677,359,290,69,7635,5650,290,195,95,5360,1985,396,{'url': 'https://www.chicago.gov/content/dam/city/sites/covid/reports/hospital-capacity/2021.02.23_COVID-19_ICU_Vent_Capacity_Daily_Report.pdf'}
2021-02-21T00:00:00.000,1975,560,61,58,3,499,1415,1365,50,1146,968,178,815,110,98,12,705,331,289,42,7671,5672,280,193,87,5392,1999,390,{'url': 'https://www.chicago.gov/content/dam/city/sites/covid/reports/hospital-capacity/2021.02.22_COVID-19_ICU_Vent_Capacity_Daily_Report.pdf'}
2021-02-20T00:00:00.000,1975,591,62,56,6,529,1384,1334,50,1144,966,178,852,113,95,18,739,292,251,41,7659,5715,283,206,77,5432,1944,396,{'url': 'https://www.chicago.gov/content/dam/city/sites/covid/reports/hospital-capacity/2021.02.21_COVID-19_ICU_Vent_Capacity_Daily_Report.pdf'}
2021-02-19T00:00:00.000,1974,579,58,53,5,521,1395,1345,50,1146,968,178,824,108,94,14,716,322,261,61,7686,5815,292,223,69,5523,1871,400,{'url': 'https://www.chicago.gov/content/dam/city/sites/covid/reports/hospital-capacity/2021.02.20_COVID-19_ICU_Vent_Capacity_Daily_Report.pdf'}
2021-02-18T00:00:00.000,1974,561,59,54,5,502,1413,1363,50,1144,966,178,863,107,95,12,756,281,237,44,7754,6073,307,231,76,5766,1681,414,{'url': 'https://www.chicago.gov/content/dam/city/sites/covid/reports/hospital-capacity/2021.02.19_COVID-19_ICU_Vent_Capacity_Daily_Report.pdf'}
2021-02-17T00:00:00.000,1974,640,64,56,8,576,1334,1284,50,1145,967,178,813,123,104,19,690,332,262,70,7764,5870,328,245,83,5542,1894,451,{'url': 'https://www.chicago.gov/content/dam/city/sites/covid/reports/hospital-capacity/2021.02.18_COVID-19_ICU_Vent_Capacity_Daily_Report.pdf'}
2021-02-16T00:00:00.000,1976,779,59,54,5,720,1197,1147,50,1148,970,178,827,113,102,11,714,321,249,72,7720,5902,349,257,92,5553,1818,462,{'url': 'https://www.chicago.gov/content/dam/city/sites/covid/reports/hospital-capacity/2021.02.17_COVID-19_ICU_Vent_Capacity_Daily_Report.pdf'}
2021-02-15T00:00:00.000,1976,583,65,57,8,518,1393,1343,50,1148,970,178,817,117,99,18,700,331,270,61,7754,5797,367,268,99,5430,1957,484,{'url': 'https://www.chicago.gov/content/dam/city/sites/covid/reports/hospital-capacity/2021.02.16_COVID-19_ICU_Vent_Capacity_Daily_Report.pdf'}
2021-02-14T00:00:00.000,1976,582,62,55,7,520,1394,1344,50,1150,972,178,782,115,96,19,667,368,295,73,7759,5688,362,264,98,5326,2071,477,{'url': 'https://www.chicago.gov/content/dam/city/sites/covid/reports/hospital-capacity/2021.02.15_COVID-19_ICU_Vent_Capacity_Daily_Report.pdf'}
2021-02-13T00:00:00.000,1976,571,59,56,3,512,1405,1355,50,1150,972,178,816,112,99,13,704,334,268,66,7765,5818,382,280,102,5436,1947,494,{'url': 'https://www.chicago.gov/content/dam/city/sites/covid/reports/hospital-capacity/2021.02.14_COVID-19_ICU_Vent_Capacity_Daily_Report.pdf'}
2021-02-12T00:00:00.000,1976,606,60,55,5,546,1370,1320,50,1150,972,178,834,116,103,13,718,316,252,64,7766,5994,412,302,110,5582,1772,528,{'url': 'https://www.chicago.gov/content/dam/city/sites/covid/reports/hospital-capacity/2021.02.13_COVID-19_ICU_Vent_Capacity_Daily_Report.pdf'}
2021-02-11T00:00:00.000,1980,564,75,70,5,489,1416,1366,50,1150,972,178,869,134,118,16,735,281,240,41,7764,6080,394,314,80,5686,1684,528,{'url': 'https://www.chicago.gov/content/dam/city/sites/covid/reports/hospital-capacity/2021.02.12_COVID-19_ICU_Vent_Capacity_Daily_Report.pdf'}
2021-02-10T00:00:00.000,1981,556,78,76,2,478,1425,1375,50,1151,973,178,816,134,120,14,682,335,261,74,7764,5988,399,297,102,5589,1776,533,{'url': 'https://www.chicago.gov/content/dam/city/sites/covid/reports/hospital-capacity/2021.02.11_COVID-19_ICU_Vent_Capacity_Daily_Report.pdf'}
2021-02-09T00:00:00.000,1981,570,93,81,12,477,1411,1361,50,1150,972,178,841,148,127,21,693,309,258,51,7764,6031,416,292,124,5615,1733,564,{'url': 'https://www.chicago.gov/content/dam/city/sites/covid/reports/hospital-capacity/2021.02.10_COVID-19_ICU_Vent_Capacity_Daily_Report.pdf'}
2021-02-08T00:00:00.000,1999,584,82,78,4,502,1415,1365,50,1149,971,178,800,155,126,29,645,349,272,77,7752,5834,398,302,96,5436,1918,553,{'url': 'https://www.chicago.gov/content/dam/city/sites/covid/reports/hospital-capacity/2021.02.09_COVID-19_ICU_Vent_Capacity_Daily_Report.pdf'}
2021-02-07T00:00:00.000,2001,547,87,79,8,460,1454,1404,50,1153,975,178,797,140,123,17,657,356,300,56,7745,5790,395,286,109,5395,1955,535,{'url': 'https://www.chicago.gov/content/dam/city/sites/covid/reports/hospital-capacity/2021.02.08_COVID-19_ICU_Vent_Capacity_Daily_Report.pdf'}
2021-02-06T00:00:00.000,2001,572,87,78,9,485,1429,1379,50,1141,963,178,851,159,130,29,692,290,234,56,7754,5923,403,294,109,5520,1831,562,{'url': 'https://www.chicago.gov/content/dam/city/sites/covid/reports/hospital-capacity/2021.02.07_COVID-19_ICU_Vent_Capacity_Daily_Report.pdf'}
2021-02-05T00:00:00.000,1991,576,84,79,5,492,1415,1365,50,1141,963,178,833,144,124,20,689,308,267,41,7743,6084,419,312,107,5665,1659,563,{'url': 'https://www.chicago.gov/content/dam/city/sites/covid/reports/hospital-capacity/2021.02.06_COVID-19_ICU_Vent_Capacity_Daily_Report.pdf'}
2021-02-04T00:00:00.000,1991,607,98,94,4,509,1384,1334,50,1137,959,178,806,153,138,15,653,331,267,64,7744,6157,436,324,112,5721,1587,589,{'url': 'https://www.chicago.gov/content/dam/city/sites/covid/reports/hospital-capacity/2021.02.05_COVID-19_ICU_Vent_Capacity_Daily_Report.pdf'}
2021-02-03T00:00:00.000,1989,533,100,94,6,433,1456,1406,50,1152,974,178,815,160,141,19,655,337,275,62,7753,6017,430,330,100,5587,1736,590,{'url': 'https://www.chicago.gov/content/dam/city/sites/covid/reports/hospital-capacity/2021.02.04_COVID-19_ICU_Vent_Capacity_Daily_Report.pdf'}
2021-02-02T00:00:00.000,1992,548,92,85,7,456,1444,1394,50,1152,974,178,839,156,135,21,683,313,271,42,7743,5985,482,338,144,5503,1758,638,{'url': 'https://www.chicago.gov/content/dam/city/sites/covid/reports/hospital-capacity/2021.02.03_COVID-19_ICU_Vent_Capacity_Daily_Report.pdf'}
2021-02-01T00:00:00.000,1992,583,83,77,6,500,1409,1359,50,1153,975,178,789,145,127,18,644,364,304,60,7739,5741,476,353,123,5265,1998,621,{'url': 'https://www.chicago.gov/content/dam/city/sites/covid/reports/hospital-capacity/2021.02.02_COVID-19_ICU_Vent_Capacity_Daily_Report.pdf'}
2021-01-31T00:00:00.000,1993,580,86,78,8,494,1413,1363,50,1155,977,178,771,144,126,18,627,384,301,83,7764,5756,474,354,120,5282,2008,618,{'url': 'https://www.chicago.gov/content/dam/city/sites/covid/reports/hospital-capacity/2021.01.32_COVID-19_ICU_Vent_Capacity_Daily_Report.pdf'}
2021-01-30T00:00:00.000,1994,559,91,85,6,468,1435,1385,50,1155,977,178,803,146,128,18,657,352,279,73,7775,5886,485,363,122,5401,1889,631,{'url': 'https://www.chicago.gov/content/dam/city/sites/covid/reports/hospital-capacity/2021.01.31_COVID-19_ICU_Vent_Capacity_Daily_Report.pdf'}
2021-01-29T00:00:00.000,1988,573,88,86,2,485,1415,1365,50,1153,975,178,841,140,128,12,701,312,240,72,7771,6078,508,382,126,5570,1693,648,{'url': 'https://www.chicago.gov/content/dam/city/sites/covid/reports/hospital-capacity/2021.01.30_COVID-19_ICU_Vent_Capacity_Daily_Report.pdf'}
2021-01-28T00:00:00.000,1985,596,83,80,3,513,1389,1339,50,1148,970,178,868,151,135,16,717,280,238,42,7786,6012,534,398,136,5478,1774,685,{'url': 'https://www.chicago.gov/content/dam/city/sites/covid/reports/hospital-capacity/2021.01.29_COVID-19_ICU_Vent_Capacity_Daily_Report.pdf'}
2021-01-27T00:00:00.000,1981,610,84,81,3,526,1371,1321,50,1155,977,178,839,149,132,17,690,316,247,69,7718,5915,564,400,164,5351,1803,713,{'url': 'https://www.chicago.gov/content/dam/city/sites/covid/reports/hospital-capacity/2021.01.28_COVID-19_ICU_Vent_Capacity_Daily_Report.pdf'}
2021-01-26T00:00:00.000,1979,572,97,88,9,475,1407,1357,50,1154,976,178,846,170,140,30,676,308,253,55,7716,5858,558,394,164,5300,1858,728,{'url': 'https://www.chicago.gov/content/dam/city/sites/covid/reports/hospital-capacity/2021.01.27_COVID-19_ICU_Vent_Capacity_Daily_Report.pdf'}
2021-01-25T00:00:00.000,1979,554,103,84,19,451,1425,1375,50,1152,974,178,801,174,142,32,627,351,292,59,7711,5802,567,412,155,5235,1909,741,{'url': 'https://www.chicago.gov/content/dam/city/sites/covid/reports/hospital-capacity/2021.01.26_COVID-19_ICU_Vent_Capacity_Daily_Report.pdf'}
2021-01-24T00:00:00.000,1978,621,84,78,6,537,1357,1307,50,1153,975,178,818,164,137,27,654,335,262,73,7724,5748,572,419,153,5176,1976,736,{'url': 'https://www.chicago.gov/content/dam/city/sites/covid/reports/hospital-capacity/2021.01.25_COVID-19_ICU_Vent_Capacity_Daily_Report.pdf'}
2021-01-23T00:00:00.000,1978,596,97,86,11,499,1382,1332,50,1153,975,178,843,162,133,29,681,310,264,46,7744,5858,597,434,163,5261,1886,759,{'url': 'https://www.chicago.gov/content/dam/city/sites/covid/reports/hospital-capacity/2021.01.24_COVID-19_ICU_Vent_Capacity_Daily_Report.pdf'}
2021-01-22T00:00:00.000,1972,599,93,87,6,506,1373,1323,50,1152,974,178,844,158,136,22,686,308,247,61,7722,6085,603,451,152,5482,1637,761,{'url': 'https://www.chicago.gov/content/dam/city/sites/covid/reports/hospital-capacity/2021.01.23_COVID-19_ICU_Vent_Capacity_Daily_Report.pdf'}
2021-01-21T00:00:00.000,1992,735,96,88,8,639,1257,1207,50,1154,976,178,829,156,139,17,673,325,260,65,7697,6088,602,456,146,5486,1609,758,{'url': 'https://www.chicago.gov/content/dam/city/sites/covid/reports/hospital-capacity/2021.01.22_COVID-19_ICU_Vent_Capacity_Daily_Report.pdf'}
2021-01-20T00:00:00.000,1992,603,103,89,14,500,1389,1339,50,1150,972,178,839,163,139,24,676,311,240,71,7727,5995,586,449,137,5409,1732,749,{'url': 'https://www.chicago.gov/content/dam/city/sites/covid/reports/hospital-capacity/2021.01.21_COVID-19_ICU_Vent_Capacity_Daily_Report.pdf'}
2021-01-19T00:00:00.000,1996,578,105,95,10,473,1418,1368,50,1152,974,178,863,187,151,36,676,289,240,49,7714,6098,551,427,124,5547,1616,738,{'url': 'https://www.chicago.gov/content/dam/city/sites/covid/reports/hospital-capacity/2021.01.20_COVID-19_ICU_Vent_Capacity_Daily_Report.pdf'}
2021-01-18T00:00:00.000,1996,634,106,94,12,528,1362,1312,50,1152,974,178,775,187,152,35,588,377,303,74,7722,5798,595,460,135,5203,1924,782,{'url': 'https://www.chicago.gov/content/dam/city/sites/covid/reports/hospital-capacity/2021.01.19_COVID-19_ICU_Vent_Capacity_Daily_Report.pdf'}
2021-01-17T00:00:00.000,1996,632,98,88,10,534,1364,1314,50,1156,978,178,786,172,147,25,614,370,293,77,7718,5754,619,465,154,5135,1964,791,{'url': 'https://www.chicago.gov/content/dam/city/sites/covid/reports/hospital-capacity/2021.01.18_COVID-19_ICU_Vent_Capacity_Daily_Report.pdf'}
2021-01-16T00:00:00.000,1995,582,98,87,11,484,1413,1363,50,1156,978,178,784,176,153,23,608,372,296,76,7725,5931,602,461,141,5329,1794,778,{'url': 'https://www.chicago.gov/content/dam/city/sites/covid/reports/hospital-capacity/2021.01.17_COVID-19_ICU_Vent_Capacity_Daily_Report.pdf'}
2021-01-15T00:00:00.000,2000,578,93,83,10,485,1422,1372,50,1157,979,178,853,178,151,27,675,304,250,54,7687,5977,617,479,138,5360,1710,795,{'url': 'https://www.chicago.gov/content/dam/city/sites/covid/reports/hospital-capacity/2021.01.16_COVID-19_ICU_Vent_Capacity_Daily_Report.pdf'}
2021-01-14T00:00:00.000,1996,562,102,93,9,460,1434,1384,50,1156,978,178,844,179,158,21,665,312,246,66,7717,6065,623,473,150,5442,1652,802,{'url': 'https://www.chicago.gov/content/dam/city/sites/covid/reports/hospital-capacity/2021.01.15_COVID-19_ICU_Vent_Capacity_Daily_Report.pdf'}
2021-01-13T00:00:00.000,1995,602,96,91,5,506,1393,1343,50,1147,978,169,831,181,163,18,650,316,249,67,7704,5967,637,499,138,5330,1737,818,{'url': 'https://www.chicago.gov/content/dam/city/sites/covid/reports/hospital-capacity/2021.01.14_COVID-19_ICU_Vent_Capacity_Daily_Report.pdf'}
2021-01-12T00:00:00.000,1994,614,98,91,7,516,1380,1330,50,1146,977,169,864,186,165,21,678,282,238,44,7712,6016,685,524,161,5331,1696,871,{'url': 'https://www.chicago.gov/content/dam/city/sites/covid/reports/hospital-capacity/2021.01.13_COVID-19_ICU_Vent_Capacity_Daily_Report.pdf'}
2021-01-11T00:00:00.000,1994,578,110,102,8,468,1416,1366,50,1147,978,169,798,195,172,23,603,349,280,69,7711,5794,608,499,109,5186,1917,803,{'url': 'https://www.chicago.gov/content/dam/city/sites/covid/reports/hospital-capacity/2021.01.12_COVID-19_ICU_Vent_Capacity_Daily_Report.pdf'}
2021-01-10T00:00:00.000,1994,594,110,103,7,484,1400,1350,50,1130,961,169,801,197,178,19,604,329,288,41,7724,5782,619,498,121,5163,1942,816,{'url': 'https://www.chicago.gov/content/dam/city/sites/covid/reports/hospital-capacity/2021.01.11_COVID-19_ICU_Vent_Capacity_Daily_Report.pdf'}
2021-01-09T00:00:00.000,1994,592,109,105,4,483,1402,1352,50,1151,982,169,854,199,181,18,655,297,254,43,7716,5966,623,485,138,5343,1750,822,{'url': 'https://www.chicago.gov/content/dam/city/sites/covid/reports/hospital-capacity/2021.01.10_COVID-19_ICU_Vent_Capacity_Daily_Report.pdf'}
2021-01-08T00:00:00.000,1994,612,110,105,5,502,1382,1332,50,1151,982,169,866,194,179,15,672,285,227,58,7721,5980,645,520,125,5335,1741,839,{'url': 'https://www.chicago.gov/content/dam/city/sites/covid/reports/hospital-capacity/2021.01.09_COVID-19_ICU_Vent_Capacity_Daily_Report.pdf'}
2021-01-07T00:00:00.000,1996,613,119,115,4,494,1383,1333,50,1149,980,169,893,216,188,28,677,256,208,48,7717,5928,656,516,140,5272,1789,872,{'url': 'https://www.chicago.gov/content/dam/city/sites/covid/reports/hospital-capacity/2021.01.08_COVID-19_ICU_Vent_Capacity_Daily_Report.pdf'}
2021-01-06T00:00:00.000,1994,607,129,121,8,478,1387,1337,50,1151,982,169,850,208,188,20,642,301,250,51,7725,5996,686,542,144,5310,1729,894,{'url': 'https://www.chicago.gov/content/dam/city/sites/covid/reports/hospital-capacity/2021.01.07_COVID-19_ICU_Vent_Capacity_Daily_Report.pdf'}
2021-01-05T00:00:00.000,1994,614,134,129,5,480,1380,1330,50,1151,982,169,875,224,199,25,651,276,227,49,7732,6011,677,538,139,5334,1721,901,{'url': 'https://www.chicago.gov/content/dam/city/sites/covid/reports/hospital-capacity/2021.01.06_COVID-19_ICU_Vent_Capacity_Daily_Report.pdf'}
2021-01-04T00:00:00.000,1976,614,140,131,9,474,1362,1312,50,1159,990,169,833,229,205,24,604,326,254,72,7677,5629,673,538,135,4956,2048,902,{'url': 'https://www.chicago.gov/content/dam/city/sites/covid/reports/hospital-capacity/2021.01.05_COVID-19_ICU_Vent_Capacity_Daily_Report.pdf'}
2021-01-03T00:00:00.000,1981,645,168,132,36,477,1336,1286,50,1158,989,169,817,242,220,22,575,341,268,73,7681,5486,694,559,135,4792,2195,936,{'url': 'https://www.chicago.gov/content/dam/city/sites/covid/reports/hospital-capacity/2021.01.04_COVID-19_ICU_Vent_Capacity_Daily_Report.pdf'}
2021-01-02T00:00:00.000,1999,618,144,134,10,474,1381,1331,50,1158,989,169,850,238,222,16,612,308,248,60,7696,5590,609,508,101,4981,2106,847,{'url': 'https://www.chicago.gov/content/dam/city/sites/covid/reports/hospital-capacity/2021.01.03_COVID-19_ICU_Vent_Capacity_Daily_Report.pdf'}
2021-01-01T00:00:00.000,1995,628,144,136,8,484,1367,1317,50,1147,978,169,862,242,221,21,620,285,243,42,7707,5618,690,551,139,4928,2089,932,{'url': 'https://www.chicago.gov/content/dam/city/sites/covid/reports/hospital-capacity/2021.01.02_COVID-19_ICU_Vent_Capacity_Daily_Report.pdf'}
2020-12-31T00:00:00.000,1997,619,148,146,2,471,1378,1328,50,1147,978,169,879,253,225,28,626,268,227,41,7707,5842,771,583,188,5071,1865,1024,{'url': 'https://www.chicago.gov/content/dam/city/sites/covid/reports/hospital-capacity/2020.12.32_COVID-19_ICU_Vent_Capacity_Daily_Report.pdf'}
2020-12-30T00:00:00.000,1997,654,155,145,10,499,1343,1293,50,1148,979,169,861,265,233,32,596,287,225,62,7712,5798,806,619,187,4992,1914,1071,{'url': 'https://www.chicago.gov/content/dam/city/sites/covid/reports/hospital-capacity/2020.12.31_COVID-19_ICU_Vent_Capacity_Daily_Report.pdf'}
2020-12-29T00:00:00.000,1995,657,149,142,7,508,1338,1288,50,1148,979,169,864,264,237,27,600,284,236,48,7700,5855,787,641,146,5068,1845,1051,{'url': 'https://www.chicago.gov/content/dam/city/sites/covid/reports/hospital-capacity/2020.12.30_COVID-19_ICU_Vent_Capacity_Daily_Report.pdf'}
2020-12-28T00:00:00.000,1995,625,155,147,8,470,1370,1320,50,1148,979,169,851,280,241,39,571,297,227,70,7693,5495,764,612,152,4731,2198,1044,{'url': 'https://www.chicago.gov/content/dam/city/sites/covid/reports/hospital-capacity/2020.12.29_COVID-19_ICU_Vent_Capacity_Daily_Report.pdf'}
2020-12-27T00:00:00.000,1997,607,165,150,15,442,1390,1340,50,1151,982,169,829,262,230,32,567,322,262,60,7718,5363,757,592,165,4606,2355,1019,{'url': 'https://www.chicago.gov/content/dam/city/sites/covid/reports/hospital-capacity/2020.12.28_COVID-19_ICU_Vent_Capacity_Daily_Report.pdf'}
2020-12-26T00:00:00.000,1997,633,161,153,8,472,1364,1314,50,1151,982,169,853,272,243,29,581,298,245,53,7728,5253,710,575,135,4543,2475,982,{'url': 'https://www.chicago.gov/content/dam/city/sites/covid/reports/hospital-capacity/2020.12.27_COVID-19_ICU_Vent_Capacity_Daily_Report.pdf'}
2020-12-25T00:00:00.000,1996,634,156,150,6,478,1362,1312,50,1150,981,169,790,256,234,22,534,360,287,73,7702,5462,725,581,144,4737,2240,981,{'url': 'https://www.chicago.gov/content/dam/city/sites/covid/reports/hospital-capacity/2020.12.26_COVID-19_ICU_Vent_Capacity_Daily_Report.pdf'}
2020-12-24T00:00:00.000,1995,605,158,150,8,447,1390,1340,50,1145,976,169,833,276,251,25,557,312,248,64,7694,5572,810,615,195,4762,2122,1086,{'url': 'https://www.chicago.gov/content/dam/city/sites/covid/reports/hospital-capacity/2020.12.25_COVID-19_ICU_Vent_Capacity_Daily_Report.pdf'}
2020-12-23T00:00:00.000,1995,585,156,154,2,429,1410,1360,50,1147,978,169,867,266,251,15,601,280,218,62,7712,5777,853,639,214,4924,1935,1119,{'url': 'https://www.chicago.gov/content/dam/city/sites/covid/reports/hospital-capacity/2020.12.24_COVID-19_ICU_Vent_Capacity_Daily_Report.pdf'}
2020-12-22T00:00:00.000,1987,605,157,149,8,448,1382,1332,50,1147,978,169,884,261,240,21,623,263,217,46,7694,5837,852,647,205,4985,1857,1113,{'url': 'https://www.chicago.gov/content/dam/city/sites/covid/reports/hospital-capacity/2020.12.23_COVID-19_ICU_Vent_Capacity_Daily_Report.pdf'}
2020-12-21T00:00:00.000,1983,607,173,162,11,434,1376,1326,50,1149,980,169,819,283,260,23,536,330,280,50,7724,5731,875,667,208,4856,1993,1158,{'url': 'https://www.chicago.gov/content/dam/city/sites/covid/reports/hospital-capacity/2020.12.22_COVID-19_ICU_Vent_Capacity_Daily_Report.pdf'}
2020-12-20T00:00:00.000,1985,617,166,158,8,451,1368,1318,50,1148,979,169,832,289,257,32,543,316,247,69,7708,5745,813,643,170,4932,1963,1102,{'url': 'https://www.chicago.gov/content/dam/city/sites/covid/reports/hospital-capacity/2020.12.21_COVID-19_ICU_Vent_Capacity_Daily_Report.pdf'}
2020-12-19T00:00:00.000,1982,650,159,156,3,491,1332,1282,50,1148,979,169,860,292,263,29,568,288,236,52,7726,6003,794,629,165,5209,1723,1086,{'url': 'https://www.chicago.gov/content/dam/city/sites/covid/reports/hospital-capacity/2020.12.20_COVID-19_ICU_Vent_Capacity_Daily_Report.pdf'}
2020-12-18T00:00:00.000,1998,603,171,167,4,432,1395,1345,50,1147,978,169,869,285,267,18,584,278,219,59,7719,6137,835,660,175,5302,1582,1120,{'url': 'https://www.chicago.gov/content/dam/city/sites/covid/reports/hospital-capacity/2020.12.19_COVID-19_ICU_Vent_Capacity_Daily_Report.pdf'}
2020-12-17T00:00:00.000,1987,628,173,158,15,455,1359,1309,50,1147,978,169,874,290,261,29,584,273,220,53,7730,6152,875,663,212,5277,1578,1165,{'url': 'https://www.chicago.gov/content/dam/city/sites/covid/reports/hospital-capacity/2020.12.18_COVID-19_ICU_Vent_Capacity_Daily_Report.pdf'}
2020-12-16T00:00:00.000,1997,614,165,153,12,449,1383,1333,50,1147,978,169,900,307,270,37,593,247,190,57,7730,6161,888,667,221,5273,1569,1195,{'url': 'https://www.chicago.gov/content/dam/city/sites/covid/reports/hospital-capacity/2020.12.17_COVID-19_ICU_Vent_Capacity_Daily_Report.pdf'}
2020-12-15T00:00:00.000,1983,660,167,156,11,493,1323,1273,50,1147,978,169,901,293,259,34,608,246,202,44,7723,6104,891,703,188,5213,1619,1184,{'url': 'https://www.chicago.gov/content/dam/city/sites/covid/reports/hospital-capacity/2020.12.16_COVID-19_ICU_Vent_Capacity_Daily_Report.pdf'}
2020-12-14T00:00:00.000,1990,629,164,153,11,465,1361,1311,50,1134,965,169,859,288,258,30,571,275,212,63,7729,6110,849,667,182,5261,1619,1137,{'url': 'https://www.chicago.gov/content/dam/city/sites/covid/reports/hospital-capacity/2020.12.15_COVID-19_ICU_Vent_Capacity_Daily_Report.pdf'}
2020-12-13T00:00:00.000,2001,639,180,165,15,459,1362,1312,50,1136,967,169,875,303,265,38,572,261,220,41,7733,6015,884,692,192,5131,1718,1187,{'url': 'https://www.chicago.gov/content/dam/city/sites/covid/reports/hospital-capacity/2020.12.14_COVID-19_ICU_Vent_Capacity_Daily_Report.pdf'}
2020-12-12T00:00:00.000,2001,660,170,165,5,490,1341,1291,50,1134,965,169,910,316,277,39,594,224,184,40,7734,5933,890,677,213,5043,1801,1206,{'url': 'https://www.chicago.gov/content/dam/city/sites/covid/reports/hospital-capacity/2020.12.13_COVID-19_ICU_Vent_Capacity_Daily_Report.pdf'}
2020-12-11T00:00:00.000,2001,648,186,174,12,462,1353,1303,50,1148,979,169,900,308,275,33,592,248,192,56,7742,6015,853,675,178,5162,1727,1161,{'url': 'https://www.chicago.gov/content/dam/city/sites/covid/reports/hospital-capacity/2020.12.12_COVID-19_ICU_Vent_Capacity_Daily_Report.pdf'}
2020-12-10T00:00:00.000,1992,677,188,173,15,489,1315,1265,50,1135,966,169,880,299,268,31,581,255,204,51,7719,6047,897,682,215,5150,1672,1196,{'url': 'https://www.chicago.gov/content/dam/city/sites/covid/reports/hospital-capacity/2020.12.11_COVID-19_ICU_Vent_Capacity_Daily_Report.pdf'}
2020-12-09T00:00:00.000,2000,661,180,168,12,481,1339,1289,50,1134,965,169,902,304,277,27,598,232,194,38,7778,6052,888,690,198,5164,1726,1192,{'url': 'https://www.chicago.gov/content/dam/city/sites/covid/reports/hospital-capacity/2020.12.10_COVID-19_ICU_Vent_Capacity_Daily_Report.pdf'}
2020-12-08T00:00:00.000,1995,653,195,185,10,458,1342,1292,50,1143,974,169,938,293,271,22,645,205,180,25,7796,6178,938,724,214,5240,1618,1231,{'url': 'https://www.chicago.gov/content/dam/city/sites/covid/reports/hospital-capacity/2020.12.09_COVID-19_ICU_Vent_Capacity_Daily_Report.pdf'}
2020-12-07T00:00:00.000,1995,643,174,160,14,469,1352,1302,50,1132,963,169,899,286,262,24,613,233,188,45,7554,5832,974,779,195,4858,1722,1260,{'url': 'https://www.chicago.gov/content/dam/city/sites/covid/reports/hospital-capacity/2020.12.08_COVID-19_ICU_Vent_Capacity_Daily_Report.pdf'}
2020-12-06T00:00:00.000,1993,766,175,166,9,591,1227,1177,50,1149,980,169,881,299,271,28,582,268,214,54,7810,5987,897,700,197,5090,1823,1196,{'url': 'https://www.chicago.gov/content/dam/city/sites/covid/reports/hospital-capacity/2020.12.07_COVID-19_ICU_Vent_Capacity_Daily_Report.pdf'}
2020-12-05T00:00:00.000,1993,707,168,159,9,539,1286,1236,50,1147,978,169,890,291,264,27,599,257,199,58,7836,6074,889,703,186,5185,1762,1180,{'url': 'https://www.chicago.gov/content/dam/city/sites/covid/reports/hospital-capacity/2020.12.06_COVID-19_ICU_Vent_Capacity_Daily_Report.pdf'}
2020-12-04T00:00:00.000,1993,670,182,171,11,488,1323,1273,50,1147,978,169,905,293,261,32,612,242,176,66,7893,6267,957,751,206,5310,1626,1250,{'url': 'https://www.chicago.gov/content/dam/city/sites/covid/reports/hospital-capacity/2020.12.05_COVID-19_ICU_Vent_Capacity_Daily_Report.pdf'}
2020-12-03T00:00:00.000,1983,634,175,162,13,459,1349,1299,50,1131,962,169,884,292,259,33,592,247,197,50,7890,6205,981,753,228,5224,1685,1273,{'url': 'https://www.chicago.gov/content/dam/city/sites/covid/reports/hospital-capacity/2020.12.04_COVID-19_ICU_Vent_Capacity_Daily_Report.pdf'}
2020-12-02T00:00:00.000,1992,659,165,157,8,494,1333,1283,50,1127,958,169,891,288,251,37,603,236,189,47,7894,6191,1028,779,249,5163,1703,1316,{'url': 'https://www.chicago.gov/content/dam/city/sites/covid/reports/hospital-capacity/2020.12.03_COVID-19_ICU_Vent_Capacity_Daily_Report.pdf'}
2020-12-01T00:00:00.000,1975,742,182,173,9,560,1233,1183,50,1142,973,169,880,287,261,26,593,262,201,61,7911,6171,1100,810,290,5071,1740,1387,{'url': 'https://www.chicago.gov/content/dam/city/sites/covid/reports/hospital-capacity/2020.12.02_COVID-19_ICU_Vent_Capacity_Daily_Report.pdf'}
2020-11-30T00:00:00.000,1972,737,186,169,17,551,1235,1185,50,1142,973,169,862,295,261,34,567,280,218,62,7897,6048,1056,792,264,4992,1849,1351,{'url': 'https://www.chicago.gov/content/dam/city/sites/covid/reports/hospital-capacity/2020.11.31_COVID-19_ICU_Vent_Capacity_Daily_Report.pdf'}
2020-11-29T00:00:00.000,1976,679,159,144,15,520,1297,1247,50,1144,975,169,855,279,245,34,576,289,242,47,7925,6058,1031,750,281,5027,1867,1310,{'url': 'https://www.chicago.gov/content/dam/city/sites/covid/reports/hospital-capacity/2020.11.30_COVID-19_ICU_Vent_Capacity_Daily_Report.pdf'}
2020-11-28T00:00:00.000,1976,719,173,155,18,546,1257,1207,50,1144,975,169,846,285,242,43,561,298,259,39,7930,5948,1050,750,300,4898,1982,1335,{'url': 'https://www.chicago.gov/content/dam/city/sites/covid/reports/hospital-capacity/2020.11.29_COVID-19_ICU_Vent_Capacity_Daily_Report.pdf'}
2020-11-27T00:00:00.000,1976,636,161,145,16,475,1340,1290,50,1139,970,169,879,300,258,42,579,260,233,27,7917,5771,1050,746,304,4721,2146,1350,{'url': 'https://www.chicago.gov/content/dam/city/sites/covid/reports/hospital-capacity/2020.11.28_COVID-19_ICU_Vent_Capacity_Daily_Report.pdf'}
2020-11-26T00:00:00.000,1975,688,168,152,16,520,1287,1237,50,1139,972,167,860,295,256,39,565,279,228,51,7871,5642,1076,739,337,4566,2229,1371,{'url': 'https://www.chicago.gov/content/dam/city/sites/covid/reports/hospital-capacity/2020.11.27_COVID-19_ICU_Vent_Capacity_Daily_Report.pdf'}
2020-11-25T00:00:00.000,1975,648,175,153,22,473,1327,1277,50,1141,974,167,880,304,264,40,576,261,211,50,7860,5877,1131,731,400,4746,1983,1435,{'url': 'https://www.chicago.gov/content/dam/city/sites/covid/reports/hospital-capacity/2020.11.26_COVID-19_ICU_Vent_Capacity_Daily_Report.pdf'}
2020-11-24T00:00:00.000,1980,605,152,135,17,453,1375,1325,50,1141,974,167,915,299,261,38,616,226,191,35,7879,6149,1108,737,371,5041,1730,1407,{'url': 'https://www.chicago.gov/content/dam/city/sites/covid/reports/hospital-capacity/2020.11.25_COVID-19_ICU_Vent_Capacity_Daily_Report.pdf'}
2020-11-23T00:00:00.000,1980,638,162,137,25,476,1342,1292,50,1129,962,167,869,312,270,42,557,260,226,34,7900,6114,1073,733,340,5041,1786,1385,{'url': 'https://www.chicago.gov/content/dam/city/sites/covid/reports/hospital-capacity/2020.11.24_COVID-19_ICU_Vent_Capacity_Daily_Report.pdf'}
2020-11-22T00:00:00.000,1987,685,153,132,21,532,1302,1252,50,1127,960,167,851,302,259,43,549,276,236,40,7897,6035,1119,725,394,4916,1862,1421,{'url': 'https://www.chicago.gov/content/dam/city/sites/covid/reports/hospital-capacity/2020.11.23_COVID-19_ICU_Vent_Capacity_Daily_Report.pdf'}
2020-11-21T00:00:00.000,1981,697,146,128,18,551,1284,1234,50,1143,976,167,902,295,253,42,607,241,201,40,7898,6075,1084,703,381,4991,1823,1379,{'url': 'https://www.chicago.gov/content/dam/city/sites/covid/reports/hospital-capacity/2020.11.22_COVID-19_ICU_Vent_Capacity_Daily_Report.pdf'}
2020-11-20T00:00:00.000,1969,554,159,140,19,395,1415,1365,50,1141,974,167,911,294,258,36,617,230,172,58,7902,6213,1098,777,321,5115,1689,1392,{'url': 'https://www.chicago.gov/content/dam/city/sites/covid/reports/hospital-capacity/2020.11.21_COVID-19_ICU_Vent_Capacity_Daily_Report.pdf'}
2020-11-19T00:00:00.000,1973,640,159,147,12,481,1333,1283,50,1141,974,167,930,284,244,40,646,211,190,21,7903,6172,1073,758,315,5099,1731,1357,{'url': 'https://www.chicago.gov/content/dam/city/sites/covid/reports/hospital-capacity/2020.11.20_COVID-19_ICU_Vent_Capacity_Daily_Report.pdf'}
2020-11-18T00:00:00.000,1972,632,153,138,15,479,1340,1290,50,1274,1096,178,894,293,251,42,601,380,311,69,8208,6057,1051,732,319,5006,2151,1344,{'url': 'https://www.chicago.gov/content/dam/city/sites/covid/reports/hospital-capacity/2020.11.19_COVID-19_ICU_Vent_Capacity_Daily_Report.pdf'}
2020-11-17T00:00:00.000,1982,626,145,129,16,481,1356,1306,50,1269,1091,178,873,272,233,39,601,396,326,70,8202,5991,1049,799,250,4942,2211,1321,{'url': 'https://www.chicago.gov/content/dam/city/sites/covid/reports/hospital-capacity/2020.11.18_COVID-19_ICU_Vent_Capacity_Daily_Report.pdf'}
2020-11-16T00:00:00.000,1979,614,153,135,18,461,1365,1315,50,1269,1091,178,865,280,241,39,585,404,353,51,8202,5839,977,691,286,4862,2363,1257,{'url': 'https://www.chicago.gov/content/dam/city/sites/covid/reports/hospital-capacity/2020.11.17_COVID-19_ICU_Vent_Capacity_Daily_Report.pdf'}
2020-11-15T00:00:00.000,1966,633,139,127,12,494,1333,1283,50,1269,1091,178,870,249,216,33,621,399,341,58,8220,6083,920,660,260,5163,2137,1169,{'url': 'https://www.chicago.gov/content/dam/city/sites/covid/reports/hospital-capacity/2020.11.16_COVID-19_ICU_Vent_Capacity_Daily_Report.pdf'}
2020-11-14T00:00:00.000,1966,652,139,125,14,513,1314,1264,50,1269,1091,178,897,248,211,37,649,372,317,55,8218,6184,894,643,251,5290,2034,1142,{'url': 'https://www.chicago.gov/content/dam/city/sites/covid/reports/hospital-capacity/2020.11.15_COVID-19_ICU_Vent_Capacity_Daily_Report.pdf'}
2020-11-13T00:00:00.000,1954,629,143,126,17,486,1325,1275,50,1269,1091,178,874,255,219,36,619,395,335,60,8237,6081,889,640,249,5192,2156,1144,{'url': 'https://www.chicago.gov/content/dam/city/sites/covid/reports/hospital-capacity/2020.11.14_COVID-19_ICU_Vent_Capacity_Daily_Report.pdf'}
2020-11-12T00:00:00.000,1976,633,149,130,19,484,1343,1293,50,1269,1091,178,963,265,220,45,698,306,267,39,8235,6361,923,658,265,5438,1874,1188,{'url': 'https://www.chicago.gov/content/dam/city/sites/covid/reports/hospital-capacity/2020.11.13_COVID-19_ICU_Vent_Capacity_Daily_Report.pdf'}
2020-11-11T00:00:00.000,2003,663,131,117,14,532,1340,1290,50,1269,1091,178,963,249,207,42,714,306,266,40,8235,6490,893,629,264,5597,1745,1142,{'url': 'https://www.chicago.gov/content/dam/city/sites/covid/reports/hospital-capacity/2020.11.12_COVID-19_ICU_Vent_Capacity_Daily_Report.pdf'}
2020-11-10T00:00:00.000,2003,583,123,110,13,460,1420,1370,50,1269,1091,178,953,247,209,38,706,316,274,42,8235,6378,873,594,279,5505,1857,1120,{'url': 'https://www.chicago.gov/content/dam/city/sites/covid/reports/hospital-capacity/2020.11.11_COVID-19_ICU_Vent_Capacity_Daily_Report.pdf'}
2020-11-09T00:00:00.000,1991,623,116,106,10,507,1368,1318,50,1268,1090,178,862,226,182,44,636,406,348,58,8233,6047,830,580,250,5217,2186,1056,{'url': 'https://www.chicago.gov/content/dam/city/sites/covid/reports/hospital-capacity/2020.11.10_COVID-19_ICU_Vent_Capacity_Daily_Report.pdf'}
2020-11-08T00:00:00.000,1989,652,104,98,6,548,1337,1287,50,1268,1090,178,881,192,168,24,689,387,332,55,8239,6119,776,529,247,5343,2120,968,{'url': 'https://www.chicago.gov/content/dam/city/sites/covid/reports/hospital-capacity/2020.11.09_COVID-19_ICU_Vent_Capacity_Daily_Report.pdf'}
2020-11-07T00:00:00.000,1990,601,102,89,13,499,1389,1339,50,1268,1090,178,937,192,166,26,745,331,276,55,8239,6158,755,514,241,5403,2081,947,{'url': 'https://www.chicago.gov/content/dam/city/sites/covid/reports/hospital-capacity/2020.11.08_COVID-19_ICU_Vent_Capacity_Daily_Report.pdf'}
2020-11-06T00:00:00.000,1989,548,102,89,13,446,1441,1391,50,1264,1086,178,921,194,155,39,727,343,288,55,8241,6240,756,515,241,5484,2001,950,{'url': 'https://www.chicago.gov/content/dam/city/sites/covid/reports/hospital-capacity/2020.11.07_COVID-19_ICU_Vent_Capacity_Daily_Report.pdf'}
2020-11-05T00:00:00.000,1990,545,93,82,11,452,1445,1395,50,1264,1086,178,926,197,143,54,729,338,277,61,8241,6113,702,465,237,5411,2128,899,{'url': 'https://www.chicago.gov/content/dam/city/sites/covid/reports/hospital-capacity/2020.11.06_COVID-19_ICU_Vent_Capacity_Daily_Report.pdf'}
2020-11-04T00:00:00.000,1991,620,89,76,13,531,1371,1321,50,1264,1086,178,924,185,144,41,739,340,288,52,8241,6231,683,442,241,5548,2010,868,{'url': 'https://www.chicago.gov/content/dam/city/sites/covid/reports/hospital-capacity/2020.11.05_COVID-19_ICU_Vent_Capacity_Daily_Report.pdf'}
2020-11-03T00:00:00.000,1995,576,91,72,19,485,1419,1369,50,1264,1086,178,896,179,132,47,717,368,311,57,8241,5989,646,442,204,5343,2252,825,{'url': 'https://www.chicago.gov/content/dam/city/sites/covid/reports/hospital-capacity/2020.11.04_COVID-19_ICU_Vent_Capacity_Daily_Report.pdf'}
2020-11-02T00:00:00.000,1988,537,93,76,17,444,1451,1401,50,1274,1096,178,874,186,140,46,688,400,340,60,8241,5850,563,405,158,5287,2391,749,{'url': 'https://www.chicago.gov/content/dam/city/sites/covid/reports/hospital-capacity/2020.11.03_COVID-19_ICU_Vent_Capacity_Daily_Report.pdf'}
2020-11-01T00:00:00.000,1998,612,80,71,9,532,1386,1336,50,1274,1096,178,910,196,145,51,714,364,307,57,8241,6081,554,368,186,5527,2160,750,{'url': 'https://www.chicago.gov/content/dam/city/sites/covid/reports/hospital-capacity/2020.11.02_COVID-19_ICU_Vent_Capacity_Daily_Report.pdf'}
2020-10-31T00:00:00.000,1998,686,65,58,7,621,1312,1262,50,1274,1096,178,911,173,134,39,738,363,310,53,8245,6095,546,352,194,5549,2150,719,{'url': 'https://www.chicago.gov/content/dam/city/sites/covid/reports/hospital-capacity/2020.10.32_COVID-19_ICU_Vent_Capacity_Daily_Report.pdf'}
2020-10-30T00:00:00.000,1994,596,75,62,13,521,1398,1348,50,1274,1096,178,913,162,125,37,751,361,310,51,8245,6074,518,343,175,5556,2171,680,{'url': 'https://www.chicago.gov/content/dam/city/sites/covid/reports/hospital-capacity/2020.10.31_COVID-19_ICU_Vent_Capacity_Daily_Report.pdf'}
2020-10-29T00:00:00.000,1995,600,70,59,11,530,1395,1345,50,1274,1096,178,902,153,114,39,749,372,318,54,8245,6244,519,317,202,5725,2001,672,{'url': 'https://www.chicago.gov/content/dam/city/sites/covid/reports/hospital-capacity/2020.10.30_COVID-19_ICU_Vent_Capacity_Daily_Report.pdf'}
2020-10-28T00:00:00.000,2042,534,65,53,12,469,1508,1458,50,1274,1096,178,896,156,116,40,740,378,321,57,8245,6137,532,316,216,5605,2108,688,{'url': 'https://www.chicago.gov/content/dam/city/sites/covid/reports/hospital-capacity/2020.10.29_COVID-19_ICU_Vent_Capacity_Daily_Report.pdf'}
2020-10-27T00:00:00.000,2062,565,49,42,7,516,1497,1447,50,1274,1096,178,910,143,106,37,767,364,322,42,8245,6255,479,284,195,5776,1990,622,{'url': 'https://www.chicago.gov/content/dam/city/sites/covid/reports/hospital-capacity/2020.10.28_COVID-19_ICU_Vent_Capacity_Daily_Report.pdf'}
2020-10-26T00:00:00.000,2060,567,47,40,7,520,1493,1443,50,1275,1097,178,834,132,101,31,702,441,382,59,8245,6065,444,294,150,5621,2180,576,{'url': 'https://www.chicago.gov/content/dam/city/sites/covid/reports/hospital-capacity/2020.10.27_COVID-19_ICU_Vent_Capacity_Daily_Report.pdf'}
2020-10-25T00:00:00.000,2059,624,58,48,10,566,1435,1385,50,1275,1097,178,869,126,100,26,743,406,356,50,8245,5961,413,260,153,5548,2284,539,{'url': 'https://www.chicago.gov/content/dam/city/sites/covid/reports/hospital-capacity/2020.10.26_COVID-19_ICU_Vent_Capacity_Daily_Report.pdf'}
2020-10-24T00:00:00.000,2061,671,42,37,5,629,1390,1340,50,1275,1097,178,936,128,97,31,808,339,293,46,8245,6269,405,254,151,5864,1976,533,{'url': 'https://www.chicago.gov/content/dam/city/sites/covid/reports/hospital-capacity/2020.10.25_COVID-19_ICU_Vent_Capacity_Daily_Report.pdf'}
2020-10-23T00:00:00.000,2059,577,49,39,10,528,1482,1432,50,1275,1097,178,917,119,88,31,798,358,311,47,8245,6208,437,239,198,5771,2037,556,{'url': 'https://www.chicago.gov/content/dam/city/sites/covid/reports/hospital-capacity/2020.10.24_COVID-19_ICU_Vent_Capacity_Daily_Report.pdf'}
2020-10-22T00:00:00.000,2059,524,43,34,9,481,1535,1485,50,1275,1097,178,892,116,88,28,776,383,320,63,8245,6242,443,226,217,5799,2003,559,{'url': 'https://www.chicago.gov/content/dam/city/sites/covid/reports/hospital-capacity/2020.10.23_COVID-19_ICU_Vent_Capacity_Daily_Report.pdf'}
2020-10-21T00:00:00.000,2065,593,56,47,9,537,1472,1422,50,1275,1097,178,887,119,86,33,768,388,326,62,8245,6215,460,232,228,5755,2030,579,{'url': 'https://www.chicago.gov/content/dam/city/sites/covid/reports/hospital-capacity/2020.10.22_COVID-19_ICU_Vent_Capacity_Daily_Report.pdf'}
2020-10-20T00:00:00.000,2049,578,40,34,6,538,1471,1421,50,1275,1097,178,849,100,77,23,749,426,362,64,8245,6149,394,221,173,5755,2096,494,{'url': 'https://www.chicago.gov/content/dam/city/sites/covid/reports/hospital-capacity/2020.10.21_COVID-19_ICU_Vent_Capacity_Daily_Report.pdf'}
2020-10-19T00:00:00.000,2049,547,41,35,6,506,1502,1452,50,1278,1100,178,881,99,74,25,782,397,352,45,8261,5979,347,203,144,5632,2282,446,{'url': 'https://www.chicago.gov/content/dam/city/sites/covid/reports/hospital-capacity/2020.10.20_COVID-19_ICU_Vent_Capacity_Daily_Report.pdf'}
2020-10-18T00:00:00.000,2053,572,38,31,7,534,1481,1431,50,1278,1100,178,869,107,69,38,762,409,350,59,8261,6052,315,170,145,5737,2209,422,{'url': 'https://www.chicago.gov/content/dam/city/sites/covid/reports/hospital-capacity/2020.10.19_COVID-19_ICU_Vent_Capacity_Daily_Report.pdf'}
2020-10-17T00:00:00.000,2053,711,32,26,6,679,1342,1292,50,1278,1100,178,898,93,64,29,805,380,313,67,8261,6237,316,147,169,5921,2024,409,{'url': 'https://www.chicago.gov/content/dam/city/sites/covid/reports/hospital-capacity/2020.10.18_COVID-19_ICU_Vent_Capacity_Daily_Report.pdf'}
2020-10-16T00:00:00.000,2053,575,36,30,6,539,1478,1428,50,1283,1105,178,855,105,76,29,750,428,366,62,8261,6134,356,183,173,5778,2127,461,{'url': 'https://www.chicago.gov/content/dam/city/sites/covid/reports/hospital-capacity/2020.10.17_COVID-19_ICU_Vent_Capacity_Daily_Report.pdf'}
2020-10-15T00:00:00.000,2053,553,38,33,5,515,1500,1450,50,1283,1105,178,925,95,69,26,830,358,317,41,8261,6247,334,177,157,5913,2014,429,{'url': 'https://www.chicago.gov/content/dam/city/sites/covid/reports/hospital-capacity/2020.10.16_COVID-19_ICU_Vent_Capacity_Daily_Report.pdf'}
2020-10-14T00:00:00.000,2053,580,35,30,5,545,1473,1423,50,1283,1105,178,900,83,60,23,817,383,315,68,8261,6244,352,167,185,5892,2017,435,{'url': 'https://www.chicago.gov/content/dam/city/sites/covid/reports/hospital-capacity/2020.10.15_COVID-19_ICU_Vent_Capacity_Daily_Report.pdf'}
2020-10-13T00:00:00.000,2053,602,36,32,4,566,1451,1401,50,1283,1105,178,884,91,65,26,793,399,349,50,8261,6005,360,174,186,5645,2256,451,{'url': 'https://www.chicago.gov/content/dam/city/sites/covid/reports/hospital-capacity/2020.10.14_COVID-19_ICU_Vent_Capacity_Daily_Report.pdf'}
2020-10-12T00:00:00.000,2061,629,45,32,13,584,1432,1382,50,1283,1105,178,865,95,60,35,770,418,360,58,8261,5977,298,156,142,5679,2284,393,{'url': 'https://www.chicago.gov/content/dam/city/sites/covid/reports/hospital-capacity/2020.10.13_COVID-19_ICU_Vent_Capacity_Daily_Report.pdf'}
2020-10-11T00:00:00.000,2056,685,45,33,12,640,1371,1321,50,1283,1105,178,872,82,59,23,790,411,368,43,8248,5847,289,140,149,5558,2401,371,{'url': 'https://www.chicago.gov/content/dam/city/sites/covid/reports/hospital-capacity/2020.10.12_COVID-19_ICU_Vent_Capacity_Daily_Report.pdf'}
2020-10-10T00:00:00.000,2052,647,44,34,10,603,1405,1355,50,1283,1105,178,926,92,62,30,834,357,307,50,8248,6039,274,137,137,5765,2209,366,{'url': 'https://www.chicago.gov/content/dam/city/sites/covid/reports/hospital-capacity/2020.10.11_COVID-19_ICU_Vent_Capacity_Daily_Report.pdf'}
2020-10-09T00:00:00.000,2060,624,41,35,6,583,1436,1386,50,1283,1105,178,947,83,60,23,864,336,288,48,8248,6145,313,143,170,5832,2103,396,{'url': 'https://www.chicago.gov/content/dam/city/sites/covid/reports/hospital-capacity/2020.10.10_COVID-19_ICU_Vent_Capacity_Daily_Report.pdf'}
2020-10-08T00:00:00.000,2060,603,31,25,6,572,1457,1407,50,1283,1105,178,907,92,58,34,815,376,311,65,8248,6128,304,136,168,5824,2120,396,{'url': 'https://www.chicago.gov/content/dam/city/sites/covid/reports/hospital-capacity/2020.10.09_COVID-19_ICU_Vent_Capacity_Daily_Report.pdf'}
2020-10-07T00:00:00.000,2060,561,37,30,7,524,1499,1449,50,1283,1105,178,897,84,57,27,813,386,330,56,8248,6151,306,132,174,5845,2097,390,{'url': 'https://www.chicago.gov/content/dam/city/sites/covid/reports/hospital-capacity/2020.10.08_COVID-19_ICU_Vent_Capacity_Daily_Report.pdf'}
2020-10-06T00:00:00.000,2060,607,34,28,6,573,1453,1403,50,1283,1105,178,890,83,58,25,807,393,345,48,8248,5868,292,139,153,5576,2380,375,{'url': 'https://www.chicago.gov/content/dam/city/sites/covid/reports/hospital-capacity/2020.10.07_COVID-19_ICU_Vent_Capacity_Daily_Report.pdf'}
2020-10-05T00:00:00.000,2057,629,34,27,7,595,1428,1378,50,1283,1105,178,820,87,57,30,733,463,389,74,8248,5892,285,144,141,5607,2356,372,{'url': 'https://www.chicago.gov/content/dam/city/sites/covid/reports/hospital-capacity/2020.10.06_COVID-19_ICU_Vent_Capacity_Daily_Report.pdf'}
2020-10-04T00:00:00.000,2053,683,36,25,11,647,1370,1320,50,1283,1105,178,863,85,51,34,778,420,360,60,8248,5824,263,136,127,5561,2424,348,{'url': 'https://www.chicago.gov/content/dam/city/sites/covid/reports/hospital-capacity/2020.10.05_COVID-19_ICU_Vent_Capacity_Daily_Report.pdf'}
2020-10-03T00:00:00.000,2063,625,27,21,6,598,1438,1388,50,1283,1105,178,912,82,45,37,830,371,343,28,8248,5995,268,134,134,5727,2253,350,{'url': 'https://www.chicago.gov/content/dam/city/sites/covid/reports/hospital-capacity/2020.10.04_COVID-19_ICU_Vent_Capacity_Daily_Report.pdf'}
2020-10-02T00:00:00.000,2047,567,33,26,7,534,1480,1430,50,1283,1105,178,869,75,50,25,794,414,336,78,8248,5966,283,139,144,5683,2282,358,{'url': 'https://www.chicago.gov/content/dam/city/sites/covid/reports/hospital-capacity/2020.10.03_COVID-19_ICU_Vent_Capacity_Daily_Report.pdf'}
2020-10-01T00:00:00.000,2053,587,37,26,11,550,1466,1416,50,1283,1105,178,854,79,43,36,775,429,358,71,8242,6111,315,136,179,5796,2131,394,{'url': 'https://www.chicago.gov/content/dam/city/sites/covid/reports/hospital-capacity/2020.10.02_COVID-19_ICU_Vent_Capacity_Daily_Report.pdf'}
2020-09-30T00:00:00.000,2049,551,37,27,10,514,1498,1448,50,1283,1105,178,852,73,45,28,779,431,362,69,8242,6006,287,140,147,5719,2236,360,{'url': 'https://www.chicago.gov/content/dam/city/sites/covid/reports/hospital-capacity/2020.09.31_COVID-19_ICU_Vent_Capacity_Daily_Report.pdf'}
2020-09-29T00:00:00.000,2049,538,41,29,12,497,1511,1461,50,1283,1105,178,838,96,54,42,742,445,380,65,8261,6002,289,139,150,5713,2259,385,{'url': 'https://www.chicago.gov/content/dam/city/sites/covid/reports/hospital-capacity/2020.09.30_COVID-19_ICU_Vent_Capacity_Daily_Report.pdf'}
2020-09-28T00:00:00.000,2048,536,41,31,10,495,1512,1462,50,1283,1105,178,836,86,49,37,750,447,380,67,8261,5855,252,144,108,5603,2406,338,{'url': 'https://www.chicago.gov/content/dam/city/sites/covid/reports/hospital-capacity/2020.09.29_COVID-19_ICU_Vent_Capacity_Daily_Report.pdf'}
2020-09-27T00:00:00.000,2052,807,27,20,7,780,1245,1195,50,1283,1105,178,905,60,35,25,845,378,296,82,8261,6139,217,125,92,5922,2122,277,{'url': 'https://www.chicago.gov/content/dam/city/sites/covid/reports/hospital-capacity/2020.09.28_COVID-19_ICU_Vent_Capacity_Daily_Report.pdf'}
2020-09-26T00:00:00.000,2052,645,35,25,10,610,1407,1357,50,1283,1105,178,849,73,47,26,776,434,354,80,8261,5972,271,137,134,5701,2289,344,{'url': 'https://www.chicago.gov/content/dam/city/sites/covid/reports/hospital-capacity/2020.09.27_COVID-19_ICU_Vent_Capacity_Daily_Report.pdf'}
2020-09-25T00:00:00.000,2052,575,33,25,8,542,1477,1427,50,1283,1105,178,896,79,47,32,817,387,329,58,8261,6204,321,145,176,5883,2057,400,{'url': 'https://www.chicago.gov/content/dam/city/sites/covid/reports/hospital-capacity/2020.09.26_COVID-19_ICU_Vent_Capacity_Daily_Report.pdf'}
2020-09-24T00:00:00.000,2054,555,26,20,6,529,1499,1449,50,1283,1105,178,894,96,50,46,798,389,319,70,8261,6096,309,133,176,5787,2165,405,{'url': 'https://www.chicago.gov/content/dam/city/sites/covid/reports/hospital-capacity/2020.09.25_COVID-19_ICU_Vent_Capacity_Daily_Report.pdf'}
2020-09-23T00:00:00.000,2056,562,46,35,11,516,1494,1444,50,1283,1105,178,862,108,56,52,754,421,370,51,8259,6081,327,129,198,5754,2178,435,{'url': 'https://www.chicago.gov/content/dam/city/sites/covid/reports/hospital-capacity/2020.09.24_COVID-19_ICU_Vent_Capacity_Daily_Report.pdf'}
2020-09-22T00:00:00.000,2051,567,45,33,12,522,1484,1434,50,1283,1105,178,854,76,48,28,778,429,362,67,8259,6030,292,134,158,5738,2229,368,{'url': 'https://www.chicago.gov/content/dam/city/sites/covid/reports/hospital-capacity/2020.09.23_COVID-19_ICU_Vent_Capacity_Daily_Report.pdf'}
2020-09-21T00:00:00.000,2051,558,48,43,5,510,1493,1443,50,1283,1105,178,799,96,66,30,703,484,408,76,8258,5919,242,123,119,5677,2339,338,{'url': 'https://www.chicago.gov/content/dam/city/sites/covid/reports/hospital-capacity/2020.09.22_COVID-19_ICU_Vent_Capacity_Daily_Report.pdf'}
2020-09-20T00:00:00.000,2051,610,48,44,4,562,1441,1391,50,1283,1105,178,813,104,71,33,709,470,391,79,8258,5712,219,107,112,5493,2546,323,{'url': 'https://www.chicago.gov/content/dam/city/sites/covid/reports/hospital-capacity/2020.09.21_COVID-19_ICU_Vent_Capacity_Daily_Report.pdf'}
2020-09-19T00:00:00.000,2057,658,42,38,4,616,1399,1349,50,1283,1105,178,868,84,65,19,784,415,339,76,8258,6002,214,105,109,5788,2256,298,{'url': 'https://www.chicago.gov/content/dam/city/sites/covid/reports/hospital-capacity/2020.09.20_COVID-19_ICU_Vent_Capacity_Daily_Report.pdf'}
2020-09-18T00:00:00.000,2047,636,40,35,5,596,1411,1361,50,1283,1105,178,855,73,59,14,782,428,354,74,8258,6152,252,109,143,5900,2106,325,{'url': 'https://www.chicago.gov/content/dam/city/sites/covid/reports/hospital-capacity/2020.09.19_COVID-19_ICU_Vent_Capacity_Daily_Report.pdf'}
2020-09-17T00:00:00.000,2048,591,43,37,6,548,1457,1407,50,1283,1105,178,885,83,65,18,802,398,331,67,8258,6078,268,103,165,5810,2180,351,{'url': 'https://www.chicago.gov/content/dam/city/sites/covid/reports/hospital-capacity/2020.09.18_COVID-19_ICU_Vent_Capacity_Daily_Report.pdf'}
2020-09-16T00:00:00.000,2041,547,43,32,11,504,1494,1444,50,1276,1105,171,869,99,65,34,770,407,339,68,8258,6042,259,98,161,5783,2216,358,{'url': 'https://www.chicago.gov/content/dam/city/sites/covid/reports/hospital-capacity/2020.09.17_COVID-19_ICU_Vent_Capacity_Daily_Report.pdf'}
2020-09-15T00:00:00.000,2040,586,36,28,8,550,1454,1404,50,1276,1105,171,856,85,53,32,771,420,349,71,8258,6012,298,102,196,5714,2246,383,{'url': 'https://www.chicago.gov/content/dam/city/sites/covid/reports/hospital-capacity/2020.09.16_COVID-19_ICU_Vent_Capacity_Daily_Report.pdf'}
2020-09-14T00:00:00.000,2033,559,37,29,8,522,1474,1424,50,1276,1105,171,779,74,49,25,705,497,426,71,8258,5865,243,92,151,5622,2393,317,{'url': 'https://www.chicago.gov/content/dam/city/sites/covid/reports/hospital-capacity/2020.09.15_COVID-19_ICU_Vent_Capacity_Daily_Report.pdf'}
2020-09-13T00:00:00.000,2041,685,40,25,15,645,1356,1306,50,1276,1105,171,879,81,45,36,798,397,319,78,8258,6113,249,102,147,5864,2145,330,{'url': 'https://www.chicago.gov/content/dam/city/sites/covid/reports/hospital-capacity/2020.09.14_COVID-19_ICU_Vent_Capacity_Daily_Report.pdf'}
2020-09-12T00:00:00.000,2038,671,38,30,8,633,1367,1317,50,1276,1105,171,785,78,51,27,707,491,406,85,8258,5922,241,93,148,5681,2336,319,{'url': 'https://www.chicago.gov/content/dam/city/sites/covid/reports/hospital-capacity/2020.09.13_COVID-19_ICU_Vent_Capacity_Daily_Report.pdf'}
2020-09-11T00:00:00.000,2040,556,50,35,15,506,1484,1434,50,1276,1105,171,776,102,61,41,674,500,410,90,8260,5932,266,101,165,5666,2328,368,{'url': 'https://www.chicago.gov/content/dam/city/sites/covid/reports/hospital-capacity/2020.09.12_COVID-19_ICU_Vent_Capacity_Daily_Report.pdf'}
2020-09-10T00:00:00.000,2040,573,46,31,15,527,1467,1417,50,1276,1105,171,752,90,50,40,662,524,444,80,8260,5995,305,111,194,5690,2265,395,{'url': 'https://www.chicago.gov/content/dam/city/sites/covid/reports/hospital-capacity/2020.09.11_COVID-19_ICU_Vent_Capacity_Daily_Report.pdf'}
2020-09-09T00:00:00.000,2043,533,36,28,8,497,1510,1460,50,1276,1105,171,706,78,54,24,628,570,463,107,8260,5748,284,109,175,5464,2512,362,{'url': 'https://www.chicago.gov/content/dam/city/sites/covid/reports/hospital-capacity/2020.09.10_COVID-19_ICU_Vent_Capacity_Daily_Report.pdf'}
2020-09-08T00:00:00.000,2039,578,29,23,6,549,1461,1411,50,1276,1105,171,731,88,55,33,643,545,460,85,8260,5527,245,109,136,5282,2733,333,{'url': 'https://www.chicago.gov/content/dam/city/sites/covid/reports/hospital-capacity/2020.09.09_COVID-19_ICU_Vent_Capacity_Daily_Report.pdf'}
2020-09-07T00:00:00.000,2036,726,28,24,4,698,1310,1260,50,1276,1105,171,746,84,52,32,662,530,467,63,8260,5785,258,117,141,5527,2475,342,{'url': 'https://www.chicago.gov/content/dam/city/sites/covid/reports/hospital-capacity/2020.09.08_COVID-19_ICU_Vent_Capacity_Daily_Report.pdf'}
2020-09-06T00:00:00.000,2039,704,33,25,8,671,1335,1285,50,1276,1105,171,743,91,55,36,652,533,476,57,8260,5866,233,109,124,5633,2394,324,{'url': 'https://www.chicago.gov/content/dam/city/sites/covid/reports/hospital-capacity/2020.09.07_COVID-19_ICU_Vent_Capacity_Daily_Report.pdf'}
2020-09-05T00:00:00.000,2036,757,26,23,3,731,1279,1229,50,1276,1105,171,797,83,55,28,714,479,424,55,8260,6100,283,124,159,5817,2160,366,{'url': 'https://www.chicago.gov/content/dam/city/sites/covid/reports/hospital-capacity/2020.09.06_COVID-19_ICU_Vent_Capacity_Daily_Report.pdf'}
2020-09-04T00:00:00.000,2026,562,36,28,8,526,1464,1414,50,1276,1105,171,754,92,62,30,662,522,440,82,8260,5842,279,133,146,5563,2418,371,{'url': 'https://www.chicago.gov/content/dam/city/sites/covid/reports/hospital-capacity/2020.09.05_COVID-19_ICU_Vent_Capacity_Daily_Report.pdf'}
2020-09-03T00:00:00.000,2028,575,41,29,12,534,1453,1403,50,1276,1105,171,773,96,56,40,677,503,424,79,8260,5874,310,136,174,5564,2386,406,{'url': 'https://www.chicago.gov/content/dam/city/sites/covid/reports/hospital-capacity/2020.09.04_COVID-19_ICU_Vent_Capacity_Daily_Report.pdf'}
2020-09-02T00:00:00.000,2028,675,35,25,10,640,1353,1303,50,1276,1105,171,834,99,64,35,735,442,390,52,8260,5907,319,143,176,5588,2353,418,{'url': 'https://www.chicago.gov/content/dam/city/sites/covid/reports/hospital-capacity/2020.09.03_COVID-19_ICU_Vent_Capacity_Daily_Report.pdf'}
2020-09-01T00:00:00.000,2030,623,35,30,5,588,1407,1357,50,1278,1107,171,752,88,53,35,664,526,437,89,8260,5815,317,136,181,5498,2445,405,{'url': 'https://www.chicago.gov/content/dam/city/sites/covid/reports/hospital-capacity/2020.09.02_COVID-19_ICU_Vent_Capacity_Daily_Report.pdf'}
2020-08-31T00:00:00.000,2029,542,37,31,6,505,1487,1437,50,1278,1107,171,727,97,58,39,630,551,487,64,8260,5558,288,124,164,5270,2702,385,{'url': 'https://www.chicago.gov/content/dam/city/sites/covid/reports/hospital-capacity/2020.08.32_COVID-19_ICU_Vent_Capacity_Daily_Report.pdf'}
2020-08-30T00:00:00.000,2027,723,41,31,10,682,1304,1254,50,1278,1107,171,793,90,65,25,703,485,408,77,8099,5793,283,117,166,5510,2306,373,{'url': 'https://www.chicago.gov/content/dam/city/sites/covid/reports/hospital-capacity/2020.08.31_COVID-19_ICU_Vent_Capacity_Daily_Report.pdf'}
2020-08-29T00:00:00.000,2027,677,35,29,6,642,1350,1300,50,1278,1107,171,788,70,58,12,718,490,418,72,8099,5941,271,110,161,5670,2158,341,{'url': 'https://www.chicago.gov/content/dam/city/sites/covid/reports/hospital-capacity/2020.08.30_COVID-19_ICU_Vent_Capacity_Daily_Report.pdf'}
2020-08-28T00:00:00.000,2027,498,30,25,5,468,1529,1479,50,1278,1107,171,799,91,60,31,708,479,409,70,8099,5834,315,138,177,5519,2265,406,{'url': 'https://www.chicago.gov/content/dam/city/sites/covid/reports/hospital-capacity/2020.08.29_COVID-19_ICU_Vent_Capacity_Daily_Report.pdf'}
2020-08-27T00:00:00.000,2028,570,34,28,6,536,1458,1408,50,1278,1107,171,814,97,66,31,717,464,407,57,8099,5906,320,126,194,5586,2193,417,{'url': 'https://www.chicago.gov/content/dam/city/sites/covid/reports/hospital-capacity/2020.08.28_COVID-19_ICU_Vent_Capacity_Daily_Report.pdf'}
2020-08-26T00:00:00.000,2035,603,42,32,10,561,1432,1382,50,1278,1107,171,807,108,62,46,699,471,408,63,8099,5994,282,107,175,5712,2105,390,{'url': 'https://www.chicago.gov/content/dam/city/sites/covid/reports/hospital-capacity/2020.08.27_COVID-19_ICU_Vent_Capacity_Daily_Report.pdf'}
2020-08-25T00:00:00.000,2058,537,34,28,6,503,1521,1471,50,1278,1107,171,746,90,54,36,656,532,464,68,8099,5917,281,103,178,5636,2182,371,{'url': 'https://www.chicago.gov/content/dam/city/sites/covid/reports/hospital-capacity/2020.08.26_COVID-19_ICU_Vent_Capacity_Daily_Report.pdf'}
2020-08-24T00:00:00.000,2053,460,41,32,9,419,1593,1543,50,1278,1107,171,752,90,59,31,662,526,463,63,8099,5728,268,122,146,5460,2371,358,{'url': 'https://www.chicago.gov/content/dam/city/sites/covid/reports/hospital-capacity/2020.08.25_COVID-19_ICU_Vent_Capacity_Daily_Report.pdf'}
2020-08-23T00:00:00.000,2043,611,40,28,12,571,1432,1382,50,1278,1107,171,725,73,50,23,652,553,479,74,8099,5805,261,108,153,5544,2294,334,{'url': 'https://www.chicago.gov/content/dam/city/sites/covid/reports/hospital-capacity/2020.08.24_COVID-19_ICU_Vent_Capacity_Daily_Report.pdf'}
2020-08-22T00:00:00.000,2035,583,32,25,7,551,1452,1402,50,1278,1107,171,753,80,53,27,673,525,461,64,8099,5832,253,105,148,5579,2267,333,{'url': 'https://www.chicago.gov/content/dam/city/sites/covid/reports/hospital-capacity/2020.08.23_COVID-19_ICU_Vent_Capacity_Daily_Report.pdf'}
2020-08-21T00:00:00.000,2035,549,40,31,9,509,1486,1436,50,1278,1107,171,760,91,62,29,669,518,459,59,8099,5855,286,109,177,5569,2244,377,{'url': 'https://www.chicago.gov/content/dam/city/sites/covid/reports/hospital-capacity/2020.08.22_COVID-19_ICU_Vent_Capacity_Daily_Report.pdf'}
2020-08-20T00:00:00.000,2043,552,37,28,9,515,1491,1441,50,1278,1107,171,801,114,65,49,687,477,418,59,8099,5713,288,109,179,5425,2386,402,{'url': 'https://www.chicago.gov/content/dam/city/sites/covid/reports/hospital-capacity/2020.08.21_COVID-19_ICU_Vent_Capacity_Daily_Report.pdf'}
2020-08-19T00:00:00.000,2045,486,38,27,11,448,1559,1509,50,1278,1107,171,729,100,61,39,629,549,464,85,8099,5726,258,119,139,5468,2373,358,{'url': 'https://www.chicago.gov/content/dam/city/sites/covid/reports/hospital-capacity/2020.08.20_COVID-19_ICU_Vent_Capacity_Daily_Report.pdf'}
2020-08-18T00:00:00.000,2045,582,41,27,14,541,1463,1413,50,1278,1107,171,758,93,60,33,665,520,441,79,8103,5872,299,131,168,5573,2231,392,{'url': 'https://www.chicago.gov/content/dam/city/sites/covid/reports/hospital-capacity/2020.08.19_COVID-19_ICU_Vent_Capacity_Daily_Report.pdf'}
2020-08-17T00:00:00.000,2045,551,43,29,14,508,1494,1444,50,1278,1107,171,712,99,64,35,613,566,499,67,8103,5600,336,144,192,5264,2503,435,{'url': 'https://www.chicago.gov/content/dam/city/sites/covid/reports/hospital-capacity/2020.08.18_COVID-19_ICU_Vent_Capacity_Daily_Report.pdf'}
2020-08-16T00:00:00.000,2029,635,36,30,6,599,1394,1344,50,1278,1107,171,744,88,65,23,656,534,460,74,8075,5788,336,121,215,5452,2287,424,{'url': 'https://www.chicago.gov/content/dam/city/sites/covid/reports/hospital-capacity/2020.08.17_COVID-19_ICU_Vent_Capacity_Daily_Report.pdf'}
2020-08-15T00:00:00.000,2030,558,36,28,8,522,1472,1422,50,1278,1107,171,750,94,58,36,656,528,460,68,8075,5926,348,124,224,5578,2149,442,{'url': 'https://www.chicago.gov/content/dam/city/sites/covid/reports/hospital-capacity/2020.08.16_COVID-19_ICU_Vent_Capacity_Daily_Report.pdf'}
2020-08-14T00:00:00.000,2033,684,34,26,8,650,1349,1299,50,1278,1107,171,784,88,53,35,696,494,422,72,8075,5931,307,113,194,5624,2144,395,{'url': 'https://www.chicago.gov/content/dam/city/sites/covid/reports/hospital-capacity/2020.08.15_COVID-19_ICU_Vent_Capacity_Daily_Report.pdf'}
2020-08-13T00:00:00.000,2051,610,41,28,13,569,1441,1391,50,1278,1107,171,809,99,55,44,710,469,416,53,8075,5835,365,122,243,5470,2240,464,{'url': 'https://www.chicago.gov/content/dam/city/sites/covid/reports/hospital-capacity/2020.08.14_COVID-19_ICU_Vent_Capacity_Daily_Report.pdf'}
2020-08-12T00:00:00.000,2007,540,39,28,11,501,1467,1417,50,1278,1107,171,754,102,59,43,652,524,445,79,8095,5928,345,119,226,5583,2167,447,{'url': 'https://www.chicago.gov/content/dam/city/sites/covid/reports/hospital-capacity/2020.08.13_COVID-19_ICU_Vent_Capacity_Daily_Report.pdf'}
2020-08-11T00:00:00.000,2007,551,33,24,9,518,1456,1406,50,1278,1107,171,733,94,56,38,639,545,455,90,8095,5897,327,130,197,5570,2198,421,{'url': 'https://www.chicago.gov/content/dam/city/sites/covid/reports/hospital-capacity/2020.08.12_COVID-19_ICU_Vent_Capacity_Daily_Report.pdf'}
2020-08-10T00:00:00.000,1995,580,41,28,13,539,1415,1365,50,1274,1103,171,724,86,56,30,638,550,460,90,8099,5644,392,141,251,5252,2455,478,{'url': 'https://www.chicago.gov/content/dam/city/sites/covid/reports/hospital-capacity/2020.08.11_COVID-19_ICU_Vent_Capacity_Daily_Report.pdf'}
2020-08-09T00:00:00.000,1995,586,35,24,11,551,1409,1359,50,1274,1103,171,770,103,58,45,667,504,434,70,8099,5696,313,117,196,5383,2403,416,{'url': 'https://www.chicago.gov/content/dam/city/sites/covid/reports/hospital-capacity/2020.08.10_COVID-19_ICU_Vent_Capacity_Daily_Report.pdf'}
2020-08-08T00:00:00.000,2012,637,28,22,6,609,1375,1325,50,1274,1103,171,789,92,54,38,697,485,437,48,8099,5801,357,123,234,5444,2298,449,{'url': 'https://www.chicago.gov/content/dam/city/sites/covid/reports/hospital-capacity/2020.08.09_COVID-19_ICU_Vent_Capacity_Daily_Report.pdf'}
2020-08-07T00:00:00.000,2000,546,35,26,9,511,1454,1404,50,1274,1103,171,776,94,55,39,682,498,426,72,8099,5574,377,143,234,5197,2525,471,{'url': 'https://www.chicago.gov/content/dam/city/sites/covid/reports/hospital-capacity/2020.08.08_COVID-19_ICU_Vent_Capacity_Daily_Report.pdf'}
2020-08-06T00:00:00.000,2005,575,42,29,13,533,1430,1380,50,1274,1103,171,792,93,59,34,699,482,429,53,8099,5802,353,154,199,5449,2297,446,{'url': 'https://www.chicago.gov/content/dam/city/sites/covid/reports/hospital-capacity/2020.08.07_COVID-19_ICU_Vent_Capacity_Daily_Report.pdf'}
2020-08-05T00:00:00.000,1995,546,39,22,17,507,1449,1399,50,1274,1103,171,744,94,56,38,650,530,460,70,8099,5688,344,155,189,5344,2411,438,{'url': 'https://www.chicago.gov/content/dam/city/sites/covid/reports/hospital-capacity/2020.08.06_COVID-19_ICU_Vent_Capacity_Daily_Report.pdf'}
2020-08-04T00:00:00.000,1999,547,39,30,9,508,1452,1402,50,1274,1103,171,793,102,64,38,691,481,436,45,8095,5406,338,157,181,5068,2689,440,{'url': 'https://www.chicago.gov/content/dam/city/sites/covid/reports/hospital-capacity/2020.08.05_COVID-19_ICU_Vent_Capacity_Daily_Report.pdf'}
2020-08-03T00:00:00.000,2001,582,41,33,8,541,1419,1369,50,1274,1103,171,759,105,60,45,654,515,462,53,8095,5473,319,144,175,5154,2622,424,{'url': 'https://www.chicago.gov/content/dam/city/sites/covid/reports/hospital-capacity/2020.08.04_COVID-19_ICU_Vent_Capacity_Daily_Report.pdf'}
2020-08-02T00:00:00.000,2000,568,45,31,14,523,1432,1382,50,1268,1097,171,722,101,64,37,621,546,463,83,8095,5536,309,140,169,5227,2559,410,{'url': 'https://www.chicago.gov/content/dam/city/sites/covid/reports/hospital-capacity/2020.08.03_COVID-19_ICU_Vent_Capacity_Daily_Report.pdf'}
2020-08-01T00:00:00.000,2001,619,37,29,8,582,1382,1332,50,1268,1097,171,764,100,70,30,664,504,432,72,8075,5761,304,134,170,5457,2314,404,{'url': 'https://www.chicago.gov/content/dam/city/sites/covid/reports/hospital-capacity/2020.08.02_COVID-19_ICU_Vent_Capacity_Daily_Report.pdf'}
2020-07-31T00:00:00.000,2001,518,50,37,13,468,1483,1433,50,1268,1097,171,777,99,68,31,678,491,446,45,8075,5680,322,157,165,5358,2395,421,{'url': 'https://www.chicago.gov/content/dam/city/sites/covid/reports/hospital-capacity/2020.07.32_COVID-19_ICU_Vent_Capacity_Daily_Report.pdf'}
2020-07-30T00:00:00.000,2009,538,50,33,17,488,1471,1421,50,1268,1097,171,798,115,67,48,683,470,402,68,8075,5659,329,142,187,5330,2416,444,{'url': 'https://www.chicago.gov/content/dam/city/sites/covid/reports/hospital-capacity/2020.07.31_COVID-19_ICU_Vent_Capacity_Daily_Report.pdf'}
2020-07-29T00:00:00.000,2011,513,44,28,16,469,1498,1448,50,1268,1097,171,761,105,64,41,656,507,443,64,8060,5506,333,145,188,5173,2554,438,{'url': 'https://www.chicago.gov/content/dam/city/sites/covid/reports/hospital-capacity/2020.07.30_COVID-19_ICU_Vent_Capacity_Daily_Report.pdf'}
2020-07-28T00:00:00.000,1999,553,52,33,19,501,1446,1396,50,1268,1097,171,726,108,66,42,618,542,474,68,8060,5656,370,144,226,5286,2404,478,{'url': 'https://www.chicago.gov/content/dam/city/sites/covid/reports/hospital-capacity/2020.07.29_COVID-19_ICU_Vent_Capacity_Daily_Report.pdf'}
2020-07-27T00:00:00.000,1990,551,39,27,12,512,1439,1389,50,1274,1103,171,745,98,65,33,647,529,477,52,8060,5555,348,143,205,5207,2505,446,{'url': 'https://www.chicago.gov/content/dam/city/sites/covid/reports/hospital-capacity/2020.07.28_COVID-19_ICU_Vent_Capacity_Daily_Report.pdf'}
2020-07-26T00:00:00.000,1990,598,42,24,18,556,1392,1342,50,1274,1103,171,787,111,64,47,676,487,444,43,8055,5408,350,137,213,5058,2647,461,{'url': 'https://www.chicago.gov/content/dam/city/sites/covid/reports/hospital-capacity/2020.07.27_COVID-19_ICU_Vent_Capacity_Daily_Report.pdf'}
2020-07-25T00:00:00.000,1990,553,35,25,10,518,1437,1387,50,1274,1103,171,769,107,60,47,662,505,457,48,8055,5483,332,136,196,5151,2572,439,{'url': 'https://www.chicago.gov/content/dam/city/sites/covid/reports/hospital-capacity/2020.07.26_COVID-19_ICU_Vent_Capacity_Daily_Report.pdf'}
2020-07-24T00:00:00.000,1990,537,34,25,9,503,1453,1403,50,1274,1103,171,795,97,61,36,698,479,429,50,8064,5648,380,153,227,5268,2416,477,{'url': 'https://www.chicago.gov/content/dam/city/sites/covid/reports/hospital-capacity/2020.07.25_COVID-19_ICU_Vent_Capacity_Daily_Report.pdf'}
2020-07-23T00:00:00.000,1991,513,43,35,8,470,1478,1428,50,1344,1173,171,866,85,55,30,781,478,430,48,8064,5599,413,177,236,5186,2465,498,{'url': 'https://www.chicago.gov/content/dam/city/sites/covid/reports/hospital-capacity/2020.07.24_COVID-19_ICU_Vent_Capacity_Daily_Report.pdf'}
2020-07-22T00:00:00.000,1990,567,49,36,13,518,1423,1373,50,1346,1175,171,826,82,50,32,744,520,453,67,8062,5712,410,163,247,5302,2350,492,{'url': 'https://www.chicago.gov/content/dam/city/sites/covid/reports/hospital-capacity/2020.07.23_COVID-19_ICU_Vent_Capacity_Daily_Report.pdf'}
2020-07-21T00:00:00.000,1989,559,53,37,16,506,1430,1380,50,1346,1175,171,819,90,52,38,729,527,465,62,8046,5631,374,162,212,5257,2415,464,{'url': 'https://www.chicago.gov/content/dam/city/sites/covid/reports/hospital-capacity/2020.07.22_COVID-19_ICU_Vent_Capacity_Daily_Report.pdf'}
2020-07-20T00:00:00.000,1986,517,54,41,13,463,1469,1419,50,1346,1175,171,785,90,60,30,695,561,504,57,8046,5409,394,155,239,5015,2637,484,{'url': 'https://www.chicago.gov/content/dam/city/sites/covid/reports/hospital-capacity/2020.07.21_COVID-19_ICU_Vent_Capacity_Daily_Report.pdf'}
2020-07-19T00:00:00.000,2004,583,49,30,19,534,1421,1371,50,1346,1175,171,761,108,60,48,653,585,513,72,8045,5495,333,128,205,5162,2550,441,{'url': 'https://www.chicago.gov/content/dam/city/sites/covid/reports/hospital-capacity/2020.07.20_COVID-19_ICU_Vent_Capacity_Daily_Report.pdf'}
2020-07-18T00:00:00.000,2005,612,51,31,20,561,1393,1343,50,1346,1175,171,803,107,64,43,696,543,470,73,8045,5575,355,141,214,5220,2470,462,{'url': 'https://www.chicago.gov/content/dam/city/sites/covid/reports/hospital-capacity/2020.07.19_COVID-19_ICU_Vent_Capacity_Daily_Report.pdf'}
2020-07-17T00:00:00.000,2001,462,56,44,12,406,1539,1489,50,1346,1175,171,796,115,72,43,681,550,466,84,8045,5734,370,163,207,5364,2311,485,{'url': 'https://www.chicago.gov/content/dam/city/sites/covid/reports/hospital-capacity/2020.07.18_COVID-19_ICU_Vent_Capacity_Daily_Report.pdf'}
2020-07-16T00:00:00.000,1994,523,56,48,8,467,1471,1421,50,1346,1175,171,833,101,64,37,732,513,440,73,8037,5843,379,160,219,5464,2194,480,{'url': 'https://www.chicago.gov/content/dam/city/sites/covid/reports/hospital-capacity/2020.07.17_COVID-19_ICU_Vent_Capacity_Daily_Report.pdf'}
2020-07-15T00:00:00.000,1998,521,63,52,11,458,1477,1427,50,1346,1175,171,753,98,65,33,655,593,512,81,8037,5616,423,184,239,5193,2421,521,{'url': 'https://www.chicago.gov/content/dam/city/sites/covid/reports/hospital-capacity/2020.07.16_COVID-19_ICU_Vent_Capacity_Daily_Report.pdf'}
2020-07-14T00:00:00.000,1998,527,58,49,9,469,1471,1421,50,1346,1175,171,774,106,68,38,668,572,496,76,8043,5667,407,170,237,5260,2376,513,{'url': 'https://www.chicago.gov/content/dam/city/sites/covid/reports/hospital-capacity/2020.07.15_COVID-19_ICU_Vent_Capacity_Daily_Report.pdf'}
2020-07-13T00:00:00.000,2002,499,63,53,10,436,1503,1453,50,1346,1175,171,783,106,70,36,677,563,473,90,8043,5451,361,161,200,5090,2592,467,{'url': 'https://www.chicago.gov/content/dam/city/sites/covid/reports/hospital-capacity/2020.07.14_COVID-19_ICU_Vent_Capacity_Daily_Report.pdf'}
2020-07-12T00:00:00.000,2020,672,60,48,12,612,1348,1298,50,1346,1175,171,839,104,71,33,735,507,444,63,8043,5447,365,164,201,5082,2596,469,{'url': 'https://www.chicago.gov/content/dam/city/sites/covid/reports/hospital-capacity/2020.07.13_COVID-19_ICU_Vent_Capacity_Daily_Report.pdf'}
2020-07-11T00:00:00.000,2055,624,47,38,9,577,1431,1381,50,1346,1175,171,832,97,65,32,735,514,467,47,8043,5709,334,146,188,5375,2334,431,{'url': 'https://www.chicago.gov/content/dam/city/sites/covid/reports/hospital-capacity/2020.07.12_COVID-19_ICU_Vent_Capacity_Daily_Report.pdf'}
2020-07-10T00:00:00.000,2083,590,59,51,8,531,1493,1443,50,1346,1175,171,866,104,69,35,762,480,438,42,8043,5784,370,162,208,5414,2259,474,{'url': 'https://www.chicago.gov/content/dam/city/sites/covid/reports/hospital-capacity/2020.07.11_COVID-19_ICU_Vent_Capacity_Daily_Report.pdf'}
2020-07-09T00:00:00.000,2108,538,70,51,19,468,1570,1520,50,1343,1172,171,850,104,63,41,746,493,443,50,8087,5676,374,191,183,5302,2411,478,{'url': 'https://www.chicago.gov/content/dam/city/sites/covid/reports/hospital-capacity/2020.07.10_COVID-19_ICU_Vent_Capacity_Daily_Report.pdf'}
2020-07-08T00:00:00.000,2108,610,76,51,25,534,1498,1448,50,1343,1172,171,842,121,67,54,721,501,428,73,8087,5589,409,194,215,5180,2498,530,{'url': 'https://www.chicago.gov/content/dam/city/sites/covid/reports/hospital-capacity/2020.07.09_COVID-19_ICU_Vent_Capacity_Daily_Report.pdf'}
2020-07-07T00:00:00.000,2178,566,67,48,19,499,1612,1562,50,1343,1172,171,857,127,72,55,730,486,425,61,8087,5668,400,184,216,5268,2419,527,{'url': 'https://www.chicago.gov/content/dam/city/sites/covid/reports/hospital-capacity/2020.07.08_COVID-19_ICU_Vent_Capacity_Daily_Report.pdf'}
2020-07-06T00:00:00.000,2186,525,67,53,14,458,1661,1611,50,1343,1172,171,792,120,76,44,672,551,488,63,8085,5296,343,180,163,4953,2789,463,{'url': 'https://www.chicago.gov/content/dam/city/sites/covid/reports/hospital-capacity/2020.07.07_COVID-19_ICU_Vent_Capacity_Daily_Report.pdf'}
2020-07-05T00:00:00.000,2190,601,56,42,14,545,1589,1539,50,1343,1172,171,772,115,76,39,657,571,495,76,8085,5224,356,147,209,4868,2861,471,{'url': 'https://www.chicago.gov/content/dam/city/sites/covid/reports/hospital-capacity/2020.07.06_COVID-19_ICU_Vent_Capacity_Daily_Report.pdf'}
2020-07-04T00:00:00.000,2190,723,62,48,14,661,1467,1417,50,1343,1172,171,801,95,72,23,706,542,490,52,8085,5311,335,149,186,4976,2774,430,{'url': 'https://www.chicago.gov/content/dam/city/sites/covid/reports/hospital-capacity/2020.07.05_COVID-19_ICU_Vent_Capacity_Daily_Report.pdf'}
2020-07-03T00:00:00.000,2190,669,67,49,18,602,1521,1471,50,1343,1172,171,821,115,78,37,706,522,453,69,8085,5413,380,168,212,5033,2672,495,{'url': 'https://www.chicago.gov/content/dam/city/sites/covid/reports/hospital-capacity/2020.07.04_COVID-19_ICU_Vent_Capacity_Daily_Report.pdf'}
2020-07-02T00:00:00.000,2185,664,75,62,13,589,1521,1471,50,1343,1172,171,840,120,85,35,720,503,457,46,8085,5568,378,183,195,5190,2517,498,{'url': 'https://www.chicago.gov/content/dam/city/sites/covid/reports/hospital-capacity/2020.07.03_COVID-19_ICU_Vent_Capacity_Daily_Report.pdf'}
2020-07-01T00:00:00.000,2186,646,91,73,18,555,1540,1490,50,1340,1169,171,834,131,93,38,703,506,460,46,8085,5407,402,187,215,5005,2678,533,{'url': 'https://www.chicago.gov/content/dam/city/sites/covid/reports/hospital-capacity/2020.07.02_COVID-19_ICU_Vent_Capacity_Daily_Report.pdf'}
2020-06-30T00:00:00.000,2202,621,85,70,15,536,1581,1531,50,1270,1099,171,723,140,96,44,583,547,480,67,8083,5373,389,188,201,4984,2710,529,{'url': 'https://www.chicago.gov/content/dam/city/sites/covid/reports/hospital-capacity/2020.06.31_COVID-19_ICU_Vent_Capacity_Daily_Report.pdf'}
2020-06-29T00:00:00.000,2197,553,77,66,11,476,1644,1594,50,1270,1099,171,708,140,97,43,568,562,505,57,8083,5366,426,194,232,4940,2717,566,{'url': 'https://www.chicago.gov/content/dam/city/sites/covid/reports/hospital-capacity/2020.06.30_COVID-19_ICU_Vent_Capacity_Daily_Report.pdf'}
2020-06-28T00:00:00.000,2200,713,76,61,15,637,1487,1437,50,1270,1099,171,729,130,95,35,599,541,471,70,8072,5387,340,141,199,5047,2685,470,{'url': 'https://www.chicago.gov/content/dam/city/sites/covid/reports/hospital-capacity/2020.06.29_COVID-19_ICU_Vent_Capacity_Daily_Report.pdf'}
2020-06-27T00:00:00.000,2191,690,78,69,9,612,1501,1451,50,1270,1099,171,686,130,103,27,556,584,512,72,8072,5320,367,163,204,4953,2752,497,{'url': 'https://www.chicago.gov/content/dam/city/sites/covid/reports/hospital-capacity/2020.06.28_COVID-19_ICU_Vent_Capacity_Daily_Report.pdf'}
2020-06-26T00:00:00.000,2187,609,81,69,12,528,1578,1528,50,1284,1113,171,756,136,101,35,620,528,472,56,8054,5496,438,195,243,5058,2558,574,{'url': 'https://www.chicago.gov/content/dam/city/sites/covid/reports/hospital-capacity/2020.06.27_COVID-19_ICU_Vent_Capacity_Daily_Report.pdf'}
2020-06-25T00:00:00.000,2188,673,94,78,16,579,1515,1465,50,1288,1117,171,750,151,103,48,599,538,487,51,7961,5377,419,218,201,4958,2584,570,{'url': 'https://www.chicago.gov/content/dam/city/sites/covid/reports/hospital-capacity/2020.06.26_COVID-19_ICU_Vent_Capacity_Daily_Report.pdf'}
2020-06-24T00:00:00.000,2186,665,86,70,16,579,1521,1471,50,1288,1117,171,794,141,100,41,653,494,449,45,7962,5455,447,181,266,5008,2507,588,{'url': 'https://www.chicago.gov/content/dam/city/sites/covid/reports/hospital-capacity/2020.06.25_COVID-19_ICU_Vent_Capacity_Daily_Report.pdf'}
2020-06-23T00:00:00.000,2184,552,98,80,18,454,1632,1582,50,1288,1117,171,774,152,106,46,622,514,468,46,7963,5427,500,260,240,4927,2536,652,{'url': 'https://www.chicago.gov/content/dam/city/sites/covid/reports/hospital-capacity/2020.06.24_COVID-19_ICU_Vent_Capacity_Daily_Report.pdf'}
2020-06-22T00:00:00.000,2183,603,98,81,17,505,1580,1530,50,1288,1117,171,755,164,118,46,591,533,481,52,7963,5196,498,232,266,4698,2767,662,{'url': 'https://www.chicago.gov/content/dam/city/sites/covid/reports/hospital-capacity/2020.06.23_COVID-19_ICU_Vent_Capacity_Daily_Report.pdf'}
2020-06-21T00:00:00.000,2185,664,87,73,14,577,1521,1471,50,1292,1121,171,817,162,117,45,655,475,423,52,7963,5001,429,214,215,4572,2962,591,{'url': 'https://www.chicago.gov/content/dam/city/sites/covid/reports/hospital-capacity/2020.06.22_COVID-19_ICU_Vent_Capacity_Daily_Report.pdf'}
2020-06-20T00:00:00.000,2167,613,92,81,11,521,1554,1504,50,1292,1121,171,737,163,124,39,574,555,504,51,7963,5450,471,231,240,4979,2513,634,{'url': 'https://www.chicago.gov/content/dam/city/sites/covid/reports/hospital-capacity/2020.06.21_COVID-19_ICU_Vent_Capacity_Daily_Report.pdf'}
2020-06-19T00:00:00.000,2168,571,118,97,21,453,1597,1547,50,1292,1121,171,817,163,131,32,654,475,439,36,7967,5524,501,254,247,5023,2443,664,{'url': 'https://www.chicago.gov/content/dam/city/sites/covid/reports/hospital-capacity/2020.06.20_COVID-19_ICU_Vent_Capacity_Daily_Report.pdf'}
2020-06-18T00:00:00.000,2201,649,127,112,15,522,1552,1502,50,1289,1118,171,779,188,146,42,591,510,464,46,7967,5476,513,267,246,4963,2491,701,{'url': 'https://www.chicago.gov/content/dam/city/sites/covid/reports/hospital-capacity/2020.06.19_COVID-19_ICU_Vent_Capacity_Daily_Report.pdf'}
2020-06-17T00:00:00.000,2201,693,131,107,24,562,1508,1458,50,1289,1118,171,801,205,157,48,596,488,436,52,7967,5453,469,246,223,4984,2514,674,{'url': 'https://www.chicago.gov/content/dam/city/sites/covid/reports/hospital-capacity/2020.06.18_COVID-19_ICU_Vent_Capacity_Daily_Report.pdf'}
2020-06-16T00:00:00.000,2208,678,147,132,15,531,1530,1480,50,1297,1126,171,775,205,164,41,570,522,465,57,7967,5359,520,270,250,4839,2608,725,{'url': 'https://www.chicago.gov/content/dam/city/sites/covid/reports/hospital-capacity/2020.06.17_COVID-19_ICU_Vent_Capacity_Daily_Report.pdf'}
2020-06-15T00:00:00.000,2220,660,152,136,16,508,1560,1510,50,1304,1133,171,737,211,161,50,526,567,499,68,7937,5057,514,259,255,4543,2880,725,{'url': 'https://www.chicago.gov/content/dam/city/sites/covid/reports/hospital-capacity/2020.06.16_COVID-19_ICU_Vent_Capacity_Daily_Report.pdf'}
2020-06-14T00:00:00.000,2197,740,142,127,15,598,1457,1407,50,1301,1130,171,763,215,177,38,548,538,486,52,7930,5232,445,217,228,4787,2698,660,{'url': 'https://www.chicago.gov/content/dam/city/sites/covid/reports/hospital-capacity/2020.06.15_COVID-19_ICU_Vent_Capacity_Daily_Report.pdf'}
2020-06-13T00:00:00.000,2197,645,146,133,13,499,1552,1502,50,1301,1130,171,790,219,182,37,571,511,464,47,7929,5199,474,262,212,4725,2730,693,{'url': 'https://www.chicago.gov/content/dam/city/sites/covid/reports/hospital-capacity/2020.06.14_COVID-19_ICU_Vent_Capacity_Daily_Report.pdf'}
2020-06-12T00:00:00.000,2191,641,161,149,12,480,1550,1500,50,1303,1132,171,806,217,190,27,589,497,441,56,7947,5269,591,326,265,4678,2678,808,{'url': 'https://www.chicago.gov/content/dam/city/sites/covid/reports/hospital-capacity/2020.06.13_COVID-19_ICU_Vent_Capacity_Daily_Report.pdf'}
2020-06-11T00:00:00.000,2197,672,174,162,12,498,1525,1475,50,1303,1132,171,783,244,209,35,539,520,442,78,7969,5311,607,349,258,4704,2658,851,{'url': 'https://www.chicago.gov/content/dam/city/sites/covid/reports/hospital-capacity/2020.06.12_COVID-19_ICU_Vent_Capacity_Daily_Report.pdf'}
2020-06-10T00:00:00.000,2213,707,176,161,15,531,1506,1456,50,1308,1129,179,803,259,202,57,544,505,438,67,7940,5427,649,375,274,4778,2513,908,{'url': 'https://www.chicago.gov/content/dam/city/sites/covid/reports/hospital-capacity/2020.06.11_COVID-19_ICU_Vent_Capacity_Daily_Report.pdf'}
2020-06-09T00:00:00.000,2178,616,177,167,10,439,1562,1512,50,1288,1109,179,739,281,228,53,458,549,444,105,7831,5298,611,357,254,4687,2533,892,{'url': 'https://www.chicago.gov/content/dam/city/sites/covid/reports/hospital-capacity/2020.06.10_COVID-19_ICU_Vent_Capacity_Daily_Report.pdf'}
2020-06-08T00:00:00.000,2179,596,197,155,42,399,1583,1533,50,1327,1148,179,741,300,245,55,441,586,476,110,7868,5176,707,390,317,4469,2692,1007,{'url': 'https://www.chicago.gov/content/dam/city/sites/covid/reports/hospital-capacity/2020.06.09_COVID-19_ICU_Vent_Capacity_Daily_Report.pdf'}
2020-06-07T00:00:00.000,2178,699,185,169,16,514,1479,1429,50,1320,1141,179,800,280,226,54,520,520,452,68,7776,5231,607,368,239,4624,2545,887,{'url': 'https://www.chicago.gov/content/dam/city/sites/covid/reports/hospital-capacity/2020.06.08_COVID-19_ICU_Vent_Capacity_Daily_Report.pdf'}
2020-06-06T00:00:00.000,2213,738,187,170,17,551,1475,1425,50,1320,1141,179,769,284,228,56,485,551,462,89,7776,5212,646,420,226,4566,2564,930,{'url': 'https://www.chicago.gov/content/dam/city/sites/covid/reports/hospital-capacity/2020.06.07_COVID-19_ICU_Vent_Capacity_Daily_Report.pdf'}
2020-06-05T00:00:00.000,2199,703,211,193,18,492,1496,1446,50,1320,1141,179,819,331,278,53,488,501,428,73,7776,5059,691,417,274,4368,2717,1022,{'url': 'https://www.chicago.gov/content/dam/city/sites/covid/reports/hospital-capacity/2020.06.06_COVID-19_ICU_Vent_Capacity_Daily_Report.pdf'}
2020-06-04T00:00:00.000,2207,638,216,198,18,422,1569,1519,50,1320,1141,179,826,312,269,43,514,494,413,81,7764,5314,721,437,284,4593,2450,1033,{'url': 'https://www.chicago.gov/content/dam/city/sites/covid/reports/hospital-capacity/2020.06.05_COVID-19_ICU_Vent_Capacity_Daily_Report.pdf'}
2020-06-03T00:00:00.000,2206,649,232,212,20,417,1557,1507,50,1313,1134,179,842,338,279,59,504,471,398,73,7776,5452,818,498,320,4634,2324,1156,{'url': 'https://www.chicago.gov/content/dam/city/sites/covid/reports/hospital-capacity/2020.06.04_COVID-19_ICU_Vent_Capacity_Daily_Report.pdf'}
2020-06-02T00:00:00.000,2207,675,212,200,12,463,1532,1482,50,1227,1061,166,763,332,281,51,431,464,395,69,7768,5351,797,502,295,4554,2417,1129,{'url': 'https://www.chicago.gov/content/dam/city/sites/covid/reports/hospital-capacity/2020.06.03_COVID-19_ICU_Vent_Capacity_Daily_Report.pdf'}
2020-06-01T00:00:00.000,2204,644,223,205,18,421,1560,1510,50,1234,1069,165,770,345,286,59,425,464,394,70,7773,5501,772,495,277,4729,2272,1117,{'url': 'https://www.chicago.gov/content/dam/city/sites/covid/reports/hospital-capacity/2020.06.02_COVID-19_ICU_Vent_Capacity_Daily_Report.pdf'}
2020-05-31T00:00:00.000,2213,671,231,218,13,440,1542,1492,50,1309,1141,168,876,353,292,61,523,433,377,56,7772,5469,752,496,256,4717,2303,1105,{'url': 'https://www.chicago.gov/content/dam/city/sites/covid/reports/hospital-capacity/2020.05.32_COVID-19_ICU_Vent_Capacity_Daily_Report.pdf'}
2020-05-30T00:00:00.000,2216,697,235,223,12,462,1519,1469,50,1312,1146,166,874,373,318,55,501,438,367,71,7774,5471,776,508,268,4695,2303,1149,{'url': 'https://www.chicago.gov/content/dam/city/sites/covid/reports/hospital-capacity/2020.05.31_COVID-19_ICU_Vent_Capacity_Daily_Report.pdf'}
2020-05-29T00:00:00.000,2194,709,240,228,12,469,1485,1435,50,1326,1160,166,890,360,316,44,530,436,384,52,7781,5490,822,527,295,4668,2291,1182,{'url': 'https://www.chicago.gov/content/dam/city/sites/covid/reports/hospital-capacity/2020.05.30_COVID-19_ICU_Vent_Capacity_Daily_Report.pdf'}
2020-05-28T00:00:00.000,2214,699,250,230,20,449,1515,1465,50,1326,1160,166,858,385,323,62,473,468,397,71,7768,5762,872,548,324,4890,2006,1257,{'url': 'https://www.chicago.gov/content/dam/city/sites/covid/reports/hospital-capacity/2020.05.29_COVID-19_ICU_Vent_Capacity_Daily_Report.pdf'}
2020-05-27T00:00:00.000,2212,615,239,219,20,376,1597,1547,50,1298,1132,166,900,398,336,62,502,398,348,50,7702,5623,935,614,321,4688,2079,1333,{'url': 'https://www.chicago.gov/content/dam/city/sites/covid/reports/hospital-capacity/2020.05.28_COVID-19_ICU_Vent_Capacity_Daily_Report.pdf'}
2020-05-26T00:00:00.000,2213,677,261,240,21,416,1536,1486,50,1281,1116,165,884,411,352,59,473,397,349,48,7604,5433,964,637,327,4469,2171,1375,{'url': 'https://www.chicago.gov/content/dam/city/sites/covid/reports/hospital-capacity/2020.05.27_COVID-19_ICU_Vent_Capacity_Daily_Report.pdf'}
