service_date,day_type,bus,rail_boardings,total_rides
2001-01-01T00:00:00.000,U,297192,126455,423647
2001-01-02T00:00:00.000,W,780827,501952,1282779
2001-01-03T00:00:00.000,W,824923,536432,1361355
2001-01-04T00:00:00.000,W,870021,550011,1420032
2001-01-05T00:00:00.000,W,890426,557917,1448343
2001-01-06T00:00:00.000,A,577401,255356,832757
2001-01-07T00:00:00.000,U,375831,169825,545656
2001-01-08T00:00:00.000,W,985221,590706,1575927
2001-01-09T00:00:00.000,W,978377,599905,1578282
2001-01-10T00:00:00.000,W,984884,602052,1586936
2001-01-11T00:00:00.000,W,995561,607503,1603064
2001-01-12T00:00:00.000,W,1018985,605252,1624237
2001-01-13T00:00:00.000,A,591791,270056,861847
2001-01-14T00:00:00.000,U,373091,174842,547933
2001-01-15T00:00:00.000,W,675845,412149,1087994
2001-01-16T00:00:00.000,W,1024367,622163,1646530
2001-01-17T00:00:00.000,W,1018690,620343,1639033
2001-01-18T00:00:00.000,W,1006996,618832,1625828
2001-01-19T00:00:00.000,W,909964,583851,1493815
2001-01-20T00:00:00.000,A,582348,263815,846163
2001-01-21T00:00:00.000,U,378381,172107,550488
2001-01-22T00:00:00.000,W,1005936,598777,1604713
2001-01-23T00:00:00.000,W,1019983,610352,1630335
2001-01-24T00:00:00.000,W,991661,606835,1598496
2001-01-25T00:00:00.000,W,1004257,609877,1614134
2001-01-26T00:00:00.000,W,965324,597039,1562363
2001-01-27T00:00:00.000,A,590836,268078,858914
2001-01-28T00:00:00.000,U,368819,174434,543253
2001-01-29T00:00:00.000,W,953532,587052,1540584
2001-01-30T00:00:00.000,W,982046,607858,1589904
2001-01-31T00:00:00.000,W,999392,610508,1609900
2001-02-01T00:00:00.000,W,1054608,615268,1669876
2001-02-02T00:00:00.000,W,966701,577767,1544468
2001-02-03T00:00:00.000,A,611703,263612,875315
2001-02-04T00:00:00.000,U,404212,178398,582610
2001-02-05T00:00:00.000,W,1045944,600588,1646532
2001-02-06T00:00:00.000,W,1039393,612435,1651828
2001-02-07T00:00:00.000,W,1015059,609022,1624081
2001-02-08T00:00:00.000,W,1007760,610237,1617997
2001-02-09T00:00:00.000,W,970826,593354,1564180
2001-02-10T00:00:00.000,A,605404,271313,876717
2001-02-11T00:00:00.000,U,405433,178810,584243
2001-02-12T00:00:00.000,W,872330,539393,1411723
2001-02-13T00:00:00.000,W,1050834,622753,1673587
2001-02-14T00:00:00.000,W,1004304,610966,1615270
2001-02-15T00:00:00.000,W,1028938,613323,1642261
2001-02-16T00:00:00.000,W,1033040,601418,1634458
2001-02-17T00:00:00.000,A,591717,269294,861011
2001-02-18T00:00:00.000,U,388788,176855,565643
2001-02-19T00:00:00.000,W,782447,457891,1240338
2001-02-20T00:00:00.000,W,1035400,610284,1645684
2001-02-21T00:00:00.000,W,986212,600133,1586345
2001-02-22T00:00:00.000,W,986399,606302,1592701
2001-02-23T00:00:00.000,W,1024235,602352,1626587
2001-02-24T00:00:00.000,A,505193,246795,751988
2001-02-25T00:00:00.000,U,351637,172132,523769
2001-02-26T00:00:00.000,W,1009329,609256,1618585
2001-02-27T00:00:00.000,W,1000630,609305,1609935
2001-02-28T00:00:00.000,W,990416,610013,1600429
2001-03-01T00:00:00.000,W,1051889,618440,1670329
2001-03-02T00:00:00.000,W,1062234,611578,1673812
2001-03-03T00:00:00.000,A,678870,286786,965656
2001-03-04T00:00:00.000,U,385978,178292,564270
2001-03-05T00:00:00.000,W,863086,549759,1412845
2001-03-06T00:00:00.000,W,1013530,603561,1617091
2001-03-07T00:00:00.000,W,1028462,616666,1645128
2001-03-08T00:00:00.000,W,1000946,611371,1612317
2001-03-09T00:00:00.000,W,1038368,606672,1645040
2001-03-10T00:00:00.000,A,633472,283251,916723
2001-03-11T00:00:00.000,U,410081,188228,598309
2001-03-12T00:00:00.000,W,979411,588857,1568268
2001-03-13T00:00:00.000,W,1017685,611347,1629032
2001-03-14T00:00:00.000,W,1025283,619417,1644700
2001-03-15T00:00:00.000,W,960667,596612,1557279
2001-03-16T00:00:00.000,W,923613,583359,1506972
2001-03-17T00:00:00.000,A,602158,343893,946051
2001-03-18T00:00:00.000,U,412146,194257,606403
2001-03-19T00:00:00.000,W,1021700,602469,1624169
2001-03-20T00:00:00.000,W,1034388,618340,1652728
2001-03-21T00:00:00.000,W,1029332,616764,1646096
2001-03-22T00:00:00.000,W,1030741,617815,1648556
2001-03-23T00:00:00.000,W,1030685,605605,1636290
2001-03-24T00:00:00.000,A,604139,277028,881167
2001-03-25T00:00:00.000,U,348817,170742,519559
2001-03-26T00:00:00.000,W,989316,583176,1572492
2001-03-27T00:00:00.000,W,1017904,600914,1618818
2001-03-28T00:00:00.000,W,1007699,601999,1609698
2001-03-29T00:00:00.000,W,1020098,605027,1625125
2001-03-30T00:00:00.000,W,978244,590403,1568647
2001-03-31T00:00:00.000,A,626223,280950,907173
2001-04-01T00:00:00.000,U,417716,192717,610433
2001-04-02T00:00:00.000,W,1023629,611098,1634727
2001-04-03T00:00:00.000,W,1057275,613993,1671268
2001-04-04T00:00:00.000,W,1047634,625348,1672982
2001-04-05T00:00:00.000,W,973118,606535,1579653
2001-04-06T00:00:00.000,W,1015046,611352,1626398
2001-04-07T00:00:00.000,A,642265,297971,940236
2001-04-08T00:00:00.000,U,437035,200720,637755
2001-04-09T00:00:00.000,W,998290,596418,1594708
2001-04-10T00:00:00.000,W,1024817,613311,1638128
2001-04-11T00:00:00.000,W,985906,606764,1592670
2001-04-12T00:00:00.000,W,991795,608691,1600486
2001-04-13T00:00:00.000,W,865706,527116,1392822
2001-04-14T00:00:00.000,A,628526,279728,908254
2001-04-15T00:00:00.000,U,364972,163191,528163
2001-04-16T00:00:00.000,W,859713,564614,1424327
2001-04-17T00:00:00.000,W,877834,583859,1461693
2001-04-18T00:00:00.000,W,907539,599600,1507139
2001-04-19T00:00:00.000,W,917518,596505,1514023
2001-04-20T00:00:00.000,W,922082,590659,1512741
2001-04-21T00:00:00.000,A,603039,293701,896740
2001-04-22T00:00:00.000,U,384255,185526,569781
2001-04-23T00:00:00.000,W,979788,590446,1570234
2001-04-24T00:00:00.000,W,1031150,618513,1649663
2001-04-25T00:00:00.000,W,977794,609447,1587241
2001-04-26T00:00:00.000,W,1028140,624617,1652757
2001-04-27T00:00:00.000,W,1034472,610723,1645195
2001-04-28T00:00:00.000,A,624970,289747,914717
2001-04-29T00:00:00.000,U,423377,200002,623379
2001-04-30T00:00:00.000,W,1008390,600424,1608814
2001-05-01T00:00:00.000,W,1067496,632996,1700492
2001-05-02T00:00:00.000,W,1034088,627894,1661982
2001-05-03T00:00:00.000,W,1065048,634792,1699840
2001-05-04T00:00:00.000,W,1046692,621087,1667779
2001-05-05T00:00:00.000,A,637957,307025,944982
2001-05-06T00:00:00.000,U,417760,206450,624210
2001-05-07T00:00:00.000,W,1007381,598338,1605719
2001-05-08T00:00:00.000,W,1044379,621604,1665983
2001-05-09T00:00:00.000,W,1041324,619928,1661252
2001-05-10T00:00:00.000,W,1018705,614067,1632772
2001-05-11T00:00:00.000,W,1004068,600295,1604363
2001-05-12T00:00:00.000,A,649008,289167,938175
2001-05-13T00:00:00.000,U,422270,200996,623266
2001-05-14T00:00:00.000,W,963027,581644,1544671
2001-05-15T00:00:00.000,W,1035512,633053,1668565
2001-05-16T00:00:00.000,W,995884,627978,1623862
2001-05-17T00:00:00.000,W,1006118,628882,1635000
2001-05-18T00:00:00.000,W,1027834,628829,1656663
2001-05-19T00:00:00.000,A,645603,315487,961090
2001-05-20T00:00:00.000,U,427040,217899,644939
2001-05-21T00:00:00.000,W,958236,590204,1548440
2001-05-22T00:00:00.000,W,1019568,637152,1656720
2001-05-23T00:00:00.000,W,978614,619656,1598270
2001-05-24T00:00:00.000,W,973423,615727,1589150
2001-05-25T00:00:00.000,W,988982,597892,1586874
2001-05-26T00:00:00.000,A,512958,269276,782234
2001-05-27T00:00:00.000,U,390535,208208,598743
2001-05-28T00:00:00.000,U,392906,191639,584545
2001-05-29T00:00:00.000,W,1003029,595375,1598404
2001-05-30T00:00:00.000,W,1002940,607442,1610382
2001-05-31T00:00:00.000,W,965359,602748,1568107
2001-06-01T00:00:00.000,W,1057056,611631,1668687
2001-06-02T00:00:00.000,A,618944,282212,901156
2001-06-03T00:00:00.000,U,432408,204795,637203
2001-06-04T00:00:00.000,W,1029447,599699,1629146
2001-06-05T00:00:00.000,W,935443,606051,1541494
2001-06-06T00:00:00.000,W,1004243,627572,1631815
2001-06-07T00:00:00.000,W,1004748,646177,1650925
2001-06-08T00:00:00.000,W,1012502,642049,1654551
2001-06-09T00:00:00.000,A,639444,358013,997457
2001-06-10T00:00:00.000,U,438393,242257,680650
2001-06-11T00:00:00.000,W,910186,586260,1496446
2001-06-12T00:00:00.000,W,946314,605737,1552051
2001-06-13T00:00:00.000,W,911372,599114,1510486
2001-06-14T00:00:00.000,W,891710,602538,1494248
2001-06-15T00:00:00.000,W,912712,612983,1525695
2001-06-16T00:00:00.000,A,675335,340782,1016117
2001-06-17T00:00:00.000,U,422714,237483,660197
2001-06-18T00:00:00.000,W,909937,590688,1500625
2001-06-19T00:00:00.000,W,944122,613028,1557150
2001-06-20T00:00:00.000,W,939471,612707,1552178
2001-06-21T00:00:00.000,W,900375,596076,1496451
2001-06-22T00:00:00.000,W,957514,626565,1584079
2001-06-23T00:00:00.000,A,631716,328467,960183
2001-06-24T00:00:00.000,U,443240,281620,724860
2001-06-25T00:00:00.000,W,947130,621006,1568136
2001-06-26T00:00:00.000,W,944301,635326,1579627
2001-06-27T00:00:00.000,W,944274,634994,1579268
2001-06-28T00:00:00.000,W,942731,611002,1553733
2001-06-29T00:00:00.000,W,996694,666587,1663281
2001-06-30T00:00:00.000,A,649995,363078,1013073
2001-07-01T00:00:00.000,U,435317,271052,706369
2001-07-02T00:00:00.000,W,958879,627767,1586646
2001-07-03T00:00:00.000,W,990209,827670,1817879
2001-07-04T00:00:00.000,U,461383,306172,767555
2001-07-05T00:00:00.000,W,918500,606574,1525074
2001-07-06T00:00:00.000,W,958011,643965,1601976
2001-07-07T00:00:00.000,A,599172,347374,946546
2001-07-08T00:00:00.000,U,439513,256208,695721
2001-07-09T00:00:00.000,W,935542,597633,1533175
2001-07-10T00:00:00.000,W,937066,610069,1547135
2001-07-11T00:00:00.000,W,960775,614294,1575069
2001-07-12T00:00:00.000,W,949551,636236,1585787
2001-07-13T00:00:00.000,W,957097,641244,1598341
2001-07-14T00:00:00.000,A,629660,333365,963025
2001-07-15T00:00:00.000,U,420137,241827,661964
2001-07-16T00:00:00.000,W,880246,623660,1503906
2001-07-17T00:00:00.000,W,920250,625940,1546190
2001-07-18T00:00:00.000,W,935427,612765,1548192
2001-07-19T00:00:00.000,W,949691,618451,1568142
2001-07-20T00:00:00.000,W,937942,610617,1548559
2001-07-21T00:00:00.000,A,593545,305457,899002
2001-07-22T00:00:00.000,U,379766,200473,580239
2001-07-23T00:00:00.000,W,854318,574685,1429003
2001-07-24T00:00:00.000,W,939133,630753,1569886
2001-07-25T00:00:00.000,W,874776,612547,1487323
2001-07-26T00:00:00.000,W,954848,636674,1591522
2001-07-27T00:00:00.000,W,933625,634484,1568109
2001-07-28T00:00:00.000,A,607195,357848,965043
2001-07-29T00:00:00.000,U,432534,236416,668950
2001-07-30T00:00:00.000,W,908372,586076,1494448
2001-07-31T00:00:00.000,W,884617,596502,1481119
2001-08-01T00:00:00.000,W,873553,612734,1486287
2001-08-02T00:00:00.000,W,790639,549367,1340006
2001-08-03T00:00:00.000,W,984483,603405,1587888
2001-08-04T00:00:00.000,A,648406,319386,967792
2001-08-05T00:00:00.000,U,453344,225172,678516
2001-08-06T00:00:00.000,W,907499,585919,1493418
2001-08-07T00:00:00.000,W,875431,610601,1486032
2001-08-08T00:00:00.000,W,854367,596163,1450530
2001-08-09T00:00:00.000,W,846305,602242,1448547
2001-08-10T00:00:00.000,W,946431,626136,1572567
2001-08-11T00:00:00.000,A,607614,323141,930755
2001-08-12T00:00:00.000,U,420182,234020,654202
2001-08-13T00:00:00.000,W,892382,571719,1464101
2001-08-14T00:00:00.000,W,866757,598019,1464776
2001-08-15T00:00:00.000,W,878793,584203,1462996
2001-08-16T00:00:00.000,W,800887,581402,1382289
2001-08-17T00:00:00.000,W,929083,598538,1527621
2001-08-18T00:00:00.000,A,569201,296970,866171
2001-08-19T00:00:00.000,U,439920,235842,675762
2001-08-20T00:00:00.000,W,876831,606101,1482932
2001-08-21T00:00:00.000,W,894995,608242,1503237
2001-08-22T00:00:00.000,W,864392,599157,1463549
2001-08-23T00:00:00.000,W,906026,612615,1518641
2001-08-24T00:00:00.000,W,926014,619276,1545290
2001-08-25T00:00:00.000,A,518211,290626,808837
2001-08-26T00:00:00.000,U,439715,245014,684729
2001-08-27T00:00:00.000,W,900370,590849,1491219
2001-08-28T00:00:00.000,W,933626,628532,1562158
2001-08-29T00:00:00.000,W,901782,625324,1527106
2001-08-30T00:00:00.000,W,913200,617044,1530244
2001-08-31T00:00:00.000,W,986749,616977,1603726
2001-09-01T00:00:00.000,A,639977,319699,959676
2001-09-02T00:00:00.000,U,470771,243520,714291
2001-09-03T00:00:00.000,U,448248,213584,661832
2001-09-04T00:00:00.000,W,1120482,625640,1746122
2001-09-05T00:00:00.000,W,1047878,644950,1692828
2001-09-06T00:00:00.000,W,1053246,644766,1698012
2001-09-07T00:00:00.000,W,1070339,659824,1730163
2001-09-08T00:00:00.000,A,645427,341332,986759
2001-09-09T00:00:00.000,U,492026,215773,707799
2001-09-10T00:00:00.000,W,1075781,661092,1736873
2001-09-11T00:00:00.000,W,957593,525953,1483546
2001-09-12T00:00:00.000,W,931165,588507,1519672
2001-09-13T00:00:00.000,W,1010171,607718,1617889
2001-09-14T00:00:00.000,W,1034666,613645,1648311
2001-09-15T00:00:00.000,A,615097,277875,892972
2001-09-16T00:00:00.000,U,417392,191270,608662
2001-09-17T00:00:00.000,W,919985,609381,1529366
2001-09-18T00:00:00.000,W,1039365,626518,1665883
2001-09-19T00:00:00.000,W,939442,625612,1565054
2001-09-20T00:00:00.000,W,973094,646112,1619206
2001-09-21T00:00:00.000,W,967583,626032,1593615
2001-09-22T00:00:00.000,A,641096,307331,948427
2001-09-23T00:00:00.000,U,361048,190813,551861
2001-09-24T00:00:00.000,W,940207,622061,1562268
2001-09-25T00:00:00.000,W,968563,638815,1607378
2001-09-26T00:00:00.000,W,1028542,639258,1667800
2001-09-27T00:00:00.000,W,1024125,642860,1666985
2001-09-28T00:00:00.000,W,1024142,645884,1670026
2001-09-29T00:00:00.000,A,639464,330008,969472
2001-09-30T00:00:00.000,U,412037,219852,631889
2001-10-01T00:00:00.000,W,1069361,639795,1709156
2001-10-02T00:00:00.000,W,1078342,658020,1736362
2001-10-03T00:00:00.000,W,1018388,657170,1675558
2001-10-04T00:00:00.000,W,902598,649681,1552279
2001-10-05T00:00:00.000,W,1034680,651273,1685953
2001-10-06T00:00:00.000,A,628587,326860,955447
2001-10-07T00:00:00.000,U,404926,287483,692409
2001-10-08T00:00:00.000,W,802729,531294,1334023
2001-10-09T00:00:00.000,W,1055377,645072,1700449
2001-10-10T00:00:00.000,W,898767,637568,1536335
2001-10-11T00:00:00.000,W,1025128,647937,1673065
2001-10-12T00:00:00.000,W,1000153,625089,1625242
2001-10-13T00:00:00.000,A,515481,273528,789009
2001-10-14T00:00:00.000,U,409065,209437,618502
2001-10-15T00:00:00.000,W,1037513,627937,1665450
2001-10-16T00:00:00.000,W,1022047,634396,1656443
2001-10-17T00:00:00.000,W,1036702,641266,1677968
2001-10-18T00:00:00.000,W,1017434,646140,1663574
2001-10-19T00:00:00.000,W,956423,642121,1598544
2001-10-20T00:00:00.000,A,632093,319399,951492
2001-10-21T00:00:00.000,U,433014,213638,646652
2001-10-22T00:00:00.000,W,1012782,621894,1634676
2001-10-23T00:00:00.000,W,1000304,638393,1638697
2001-10-24T00:00:00.000,W,867027,625218,1492245
2001-10-25T00:00:00.000,W,947047,618401,1565448
2001-10-26T00:00:00.000,W,981933,613047,1594980
2001-10-27T00:00:00.000,A,582223,291912,874135
2001-10-28T00:00:00.000,U,405374,208481,613855
2001-10-29T00:00:00.000,W,1019942,623086,1643028
2001-10-30T00:00:00.000,W,994503,629005,1623508
2001-10-31T00:00:00.000,W,978585,628587,1607172
2001-11-01T00:00:00.000,W,1029256,641642,1670898
2001-11-02T00:00:00.000,W,1042714,645966,1688680
2001-11-03T00:00:00.000,A,648350,315004,963354
2001-11-04T00:00:00.000,U,443453,222988,666441
2001-11-05T00:00:00.000,W,1057697,629864,1687561
2001-11-06T00:00:00.000,W,1044478,638448,1682926
2001-11-07T00:00:00.000,W,1033982,640396,1674378
2001-11-08T00:00:00.000,W,1004574,636400,1640974
2001-11-09T00:00:00.000,W,931849,620257,1552106
2001-11-10T00:00:00.000,A,618184,322793,940977
2001-11-11T00:00:00.000,U,416118,218931,635049
2001-11-12T00:00:00.000,W,812747,527242,1339989
2001-11-13T00:00:00.000,W,1026715,641101,1667816
2001-11-14T00:00:00.000,W,994462,624162,1618624
2001-11-15T00:00:00.000,W,983434,615519,1598953
2001-11-16T00:00:00.000,W,1046467,623566,1670033
2001-11-17T00:00:00.000,A,653210,354828,1008038
2001-11-18T00:00:00.000,U,414683,201199,615882
2001-11-19T00:00:00.000,W,999890,600948,1600838
2001-11-20T00:00:00.000,W,1005581,612391,1617972
2001-11-21T00:00:00.000,W,988420,589664,1578084
2001-11-22T00:00:00.000,U,322788,151915,474703
2001-11-23T00:00:00.000,W,641780,356646,998426
2001-11-24T00:00:00.000,A,504548,253414,757962
2001-11-25T00:00:00.000,U,373755,186416,560171
2001-11-26T00:00:00.000,W,993754,600439,1594193
2001-11-27T00:00:00.000,W,985583,613858,1599441
2001-11-28T00:00:00.000,W,981842,614405,1596247
2001-11-29T00:00:00.000,W,972155,613392,1585547
2001-11-30T00:00:00.000,W,1039082,625037,1664119
2001-12-01T00:00:00.000,A,640965,307646,948611
2001-12-02T00:00:00.000,U,418878,210748,629626
2001-12-03T00:00:00.000,W,1051222,599106,1650328
2001-12-04T00:00:00.000,W,1049416,613294,1662710
2001-12-05T00:00:00.000,W,1039940,622264,1662204
2001-12-06T00:00:00.000,W,1020021,623428,1643449
2001-12-07T00:00:00.000,W,1023743,618300,1642043
2001-12-08T00:00:00.000,A,620074,315639,935713
2001-12-09T00:00:00.000,U,406917,207697,614614
2001-12-10T00:00:00.000,W,1005376,597416,1602792
2001-12-11T00:00:00.000,W,1010462,614387,1624849
2001-12-12T00:00:00.000,W,981259,609660,1590919
2001-12-13T00:00:00.000,W,990166,610845,1601011
2001-12-14T00:00:00.000,W,982986,600798,1583784
2001-12-15T00:00:00.000,A,623138,319051,942189
2001-12-16T00:00:00.000,U,407448,213347,620795
2001-12-17T00:00:00.000,W,995060,593314,1588374
2001-12-18T00:00:00.000,W,1014592,608735,1623327
2001-12-19T00:00:00.000,W,958790,591815,1550605
2001-12-20T00:00:00.000,W,987827,586572,1574399
2001-12-21T00:00:00.000,W,994499,569456,1563955
2001-12-22T00:00:00.000,A,586969,268254,855223
2001-12-23T00:00:00.000,U,393359,184628,577987
2001-12-24T00:00:00.000,W,525908,257022,782930
2001-12-25T00:00:00.000,U,218872,93525,312397
2001-12-26T00:00:00.000,W,619967,380064,1000031
2001-12-27T00:00:00.000,W,690465,436814,1127279
2001-12-28T00:00:00.000,W,739404,456879,1196283
2001-12-29T00:00:00.000,A,473194,224772,697966
2001-12-30T00:00:00.000,U,306871,160102,466973
2001-12-31T00:00:00.000,W,650794,321388,972182
2002-01-01T00:00:00.000,U,294360,122471,416831
2002-01-02T00:00:00.000,W,766853,491630,1258483
2002-01-03T00:00:00.000,W,838088,523292,1361380
2002-01-04T00:00:00.000,W,858709,528849,1387558
2002-01-05T00:00:00.000,A,542470,245820,788290
2002-01-06T00:00:00.000,U,370508,177606,548114
2002-01-07T00:00:00.000,W,953807,568929,1522736
2002-01-08T00:00:00.000,W,973200,585667,1558867
2002-01-09T00:00:00.000,W,985622,591671,1577293
2002-01-10T00:00:00.000,W,974188,591742,1565930
2002-01-11T00:00:00.000,W,1006535,591718,1598253
2002-01-12T00:00:00.000,A,565955,266826,832781
2002-01-13T00:00:00.000,U,371378,176272,547650
2002-01-14T00:00:00.000,W,985931,593642,1579573
2002-01-15T00:00:00.000,W,983090,601489,1584579
2002-01-16T00:00:00.000,W,955758,608009,1563767
2002-01-17T00:00:00.000,W,968715,598282,1566997
2002-01-18T00:00:00.000,W,967930,581331,1549261
2002-01-19T00:00:00.000,A,556405,273407,829812
2002-01-20T00:00:00.000,U,374069,180903,554972
2002-01-21T00:00:00.000,W,648994,392312,1041306
2002-01-22T00:00:00.000,W,1012565,603877,1616442
2002-01-23T00:00:00.000,W,990484,600427,1590911
2002-01-24T00:00:00.000,W,1007218,605974,1613192
2002-01-25T00:00:00.000,W,1028432,601352,1629784
2002-01-26T00:00:00.000,A,611356,283489,894845
2002-01-27T00:00:00.000,U,408878,189116,597994
2002-01-28T00:00:00.000,W,1009923,595606,1605529
2002-01-29T00:00:00.000,W,979719,597598,1577317
2002-01-30T00:00:00.000,W,936013,602737,1538750
2002-01-31T00:00:00.000,W,879895,602988,1482883
2002-02-01T00:00:00.000,W,954707,585087,1539794
2002-02-02T00:00:00.000,A,614544,273954,888498
2002-02-03T00:00:00.000,U,401958,180019,581977
2002-02-04T00:00:00.000,W,988315,576117,1564432
2002-02-05T00:00:00.000,W,997471,596800,1594271
2002-02-06T00:00:00.000,W,1011650,597747,1609397
2002-02-07T00:00:00.000,W,1011915,600731,1612646
2002-02-08T00:00:00.000,W,1027036,594502,1621538
2002-02-09T00:00:00.000,A,650477,296011,946488
2002-02-10T00:00:00.000,U,379613,180097,559710
2002-02-11T00:00:00.000,W,985014,592118,1577132
2002-02-12T00:00:00.000,W,811567,541814,1353381
2002-02-13T00:00:00.000,W,1019675,612626,1632301
2002-02-14T00:00:00.000,W,1014122,609706,1623828
2002-02-15T00:00:00.000,W,1007654,589737,1597391
2002-02-16T00:00:00.000,A,617307,292835,910142
2002-02-17T00:00:00.000,U,423922,209261,633183
2002-02-18T00:00:00.000,W,759013,458524,1217537
2002-02-19T00:00:00.000,W,985390,597374,1582764
2002-02-20T00:00:00.000,W,986615,601360,1587975
2002-02-21T00:00:00.000,W,977261,603816,1581077
2002-02-22T00:00:00.000,W,1016162,592329,1608491
2002-02-23T00:00:00.000,A,629609,292764,922373
2002-02-24T00:00:00.000,U,421160,199343,620503
2002-02-25T00:00:00.000,W,979843,581612,1561455
2002-02-26T00:00:00.000,W,933204,587918,1521122
2002-02-27T00:00:00.000,W,939542,587701,1527243
2002-02-28T00:00:00.000,W,941136,592045,1533181
2002-03-01T00:00:00.000,W,973482,593596,1567078
2002-03-02T00:00:00.000,A,512767,264847,777614
2002-03-03T00:00:00.000,U,331715,174890,506605
2002-03-04T00:00:00.000,W,726815,493625,1220440
2002-03-05T00:00:00.000,W,978944,588656,1567600
2002-03-06T00:00:00.000,W,1008215,593126,1601341
2002-03-07T00:00:00.000,W,1008102,594952,1603054
2002-03-08T00:00:00.000,W,993813,587766,1581579
2002-03-09T00:00:00.000,A,493346,254471,747817
2002-03-10T00:00:00.000,U,361758,180401,542159
2002-03-11T00:00:00.000,W,1008613,591093,1599706
2002-03-12T00:00:00.000,W,1021380,612457,1633837
2002-03-13T00:00:00.000,W,1022145,615718,1637863
2002-03-14T00:00:00.000,W,1010579,607626,1618205
2002-03-15T00:00:00.000,W,1005654,591415,1597069
2002-03-16T00:00:00.000,A,615103,342098,957201
2002-03-17T00:00:00.000,U,390344,189640,579984
2002-03-18T00:00:00.000,W,992913,579486,1572399
2002-03-19T00:00:00.000,W,990801,590290,1581091
2002-03-20T00:00:00.000,W,993245,591401,1584646
2002-03-21T00:00:00.000,W,930667,574802,1505469
2002-03-22T00:00:00.000,W,961386,564876,1526262
2002-03-23T00:00:00.000,A,617210,290118,907328
2002-03-24T00:00:00.000,U,370997,190845,561842
2002-03-25T00:00:00.000,W,895573,544841,1440414
2002-03-26T00:00:00.000,W,938869,571086,1509955
2002-03-27T00:00:00.000,W,989393,580724,1570117
2002-03-28T00:00:00.000,W,965734,571056,1536790
2002-03-29T00:00:00.000,W,755230,472276,1227506
2002-03-30T00:00:00.000,A,616271,268843,885114
2002-03-31T00:00:00.000,U,377026,158135,535161
2002-04-01T00:00:00.000,W,971162,566861,1538023
2002-04-02T00:00:00.000,W,970537,585155,1555692
2002-04-03T00:00:00.000,W,1007100,597081,1604181
2002-04-04T00:00:00.000,W,995075,600930,1596005
2002-04-05T00:00:00.000,W,1014222,613919,1628141
2002-04-06T00:00:00.000,A,639707,318104,957811
2002-04-07T00:00:00.000,U,355354,180625,535979
2002-04-08T00:00:00.000,W,937560,578417,1515977
2002-04-09T00:00:00.000,W,1013106,607047,1620153
2002-04-10T00:00:00.000,W,1020986,618972,1639958
2002-04-11T00:00:00.000,W,1036014,629240,1665254
2002-04-12T00:00:00.000,W,917031,591700,1508731
2002-04-13T00:00:00.000,A,631465,308737,940202
2002-04-14T00:00:00.000,U,438900,210876,649776
2002-04-15T00:00:00.000,W,926258,586214,1512472
2002-04-16T00:00:00.000,W,899896,599906,1499802
2002-04-17T00:00:00.000,W,892185,593532,1485717
2002-04-18T00:00:00.000,W,896865,594280,1491145
2002-04-19T00:00:00.000,W,905545,591974,1497519
2002-04-20T00:00:00.000,A,574009,300177,874186
2002-04-21T00:00:00.000,U,356144,190405,546549
2002-04-22T00:00:00.000,W,974101,583247,1557348
2002-04-23T00:00:00.000,W,1021788,620463,1642251
2002-04-24T00:00:00.000,W,918721,602085,1520806
2002-04-25T00:00:00.000,W,1000933,626040,1626973
2002-04-26T00:00:00.000,W,1026348,615024,1641372
2002-04-27T00:00:00.000,A,513069,272746,785815
2002-04-28T00:00:00.000,U,365481,201038,566519
2002-04-29T00:00:00.000,W,1001321,584792,1586113
2002-04-30T00:00:00.000,W,1000608,604417,1605025
2002-05-01T00:00:00.000,W,1031532,605198,1636730
2002-05-02T00:00:00.000,W,976392,598086,1574478
2002-05-03T00:00:00.000,W,1075694,606513,1682207
2002-05-04T00:00:00.000,A,660227,312131,972358
2002-05-05T00:00:00.000,U,443915,207913,651828
2002-05-06T00:00:00.000,W,994227,598141,1592368
2002-05-07T00:00:00.000,W,1010608,616111,1626719
2002-05-08T00:00:00.000,W,968509,600435,1568944
2002-05-09T00:00:00.000,W,1009271,614202,1623473
2002-05-10T00:00:00.000,W,1047188,609528,1656716
2002-05-11T00:00:00.000,A,492841,252501,745342
2002-05-12T00:00:00.000,U,358446,185931,544377
2002-05-13T00:00:00.000,W,975822,570031,1545853
2002-05-14T00:00:00.000,W,1009365,598752,1608117
2002-05-15T00:00:00.000,W,1015551,600667,1616218
2002-05-16T00:00:00.000,W,906240,579727,1485967
2002-05-17T00:00:00.000,W,991682,583205,1574887
2002-05-18T00:00:00.000,A,638862,298727,937589
2002-05-19T00:00:00.000,U,419434,204421,623855
2002-05-20T00:00:00.000,W,994112,582646,1576758
2002-05-21T00:00:00.000,W,1008846,613667,1622513
2002-05-22T00:00:00.000,W,999920,618307,1618227
2002-05-23T00:00:00.000,W,969174,606199,1575373
2002-05-24T00:00:00.000,W,995434,576461,1571895
2002-05-25T00:00:00.000,A,558891,270672,829563
2002-05-26T00:00:00.000,U,436570,216172,652742
2002-05-27T00:00:00.000,U,395210,200876,596086
2002-05-28T00:00:00.000,W,959547,588932,1548479
2002-05-29T00:00:00.000,W,980049,601576,1581625
2002-05-30T00:00:00.000,W,990460,606972,1597432
2002-05-31T00:00:00.000,W,1040502,635809,1676311
2002-06-01T00:00:00.000,A,667264,371223,1038487
2002-06-02T00:00:00.000,U,423135,238648,661783
2002-06-03T00:00:00.000,W,1001778,583147,1584925
2002-06-04T00:00:00.000,W,915667,575065,1490732
2002-06-05T00:00:00.000,W,1005307,602096,1607403
2002-06-06T00:00:00.000,W,1044279,611344,1655623
2002-06-07T00:00:00.000,W,1036716,606193,1642909
2002-06-08T00:00:00.000,A,649574,323142,972716
2002-06-09T00:00:00.000,U,446760,228298,675058
2002-06-10T00:00:00.000,W,944065,583512,1527577
2002-06-11T00:00:00.000,W,969387,604162,1573549
2002-06-12T00:00:00.000,W,986714,606658,1593372
2002-06-13T00:00:00.000,W,967153,596032,1563185
2002-06-14T00:00:00.000,W,980140,605447,1585587
2002-06-15T00:00:00.000,A,644968,318379,963347
2002-06-16T00:00:00.000,U,456833,225229,682062
2002-06-17T00:00:00.000,W,980090,576747,1556837
2002-06-18T00:00:00.000,W,996706,619540,1616246
2002-06-19T00:00:00.000,W,992928,618449,1611377
2002-06-20T00:00:00.000,W,975703,628191,1603894
2002-06-21T00:00:00.000,W,979910,616117,1596027
2002-06-22T00:00:00.000,A,634013,341170,975183
2002-06-23T00:00:00.000,U,444454,232456,676910
2002-06-24T00:00:00.000,W,884749,597643,1482392
2002-06-25T00:00:00.000,W,926613,600847,1527460
2002-06-26T00:00:00.000,W,879533,601333,1480866
2002-06-27T00:00:00.000,W,914452,613276,1527728
2002-06-28T00:00:00.000,W,934562,650340,1584902
2002-06-29T00:00:00.000,A,636792,369705,1006497
2002-06-30T00:00:00.000,U,441101,309418,750519
2002-07-01T00:00:00.000,W,948966,601509,1550475
2002-07-02T00:00:00.000,W,955991,621541,1577532
2002-07-03T00:00:00.000,W,1004276,785621,1789897
2002-07-04T00:00:00.000,U,441126,279204,720330
2002-07-05T00:00:00.000,W,807831,500685,1308516
2002-07-06T00:00:00.000,A,597877,324834,922711
2002-07-07T00:00:00.000,U,445916,256321,702237
2002-07-08T00:00:00.000,W,929870,575055,1504925
2002-07-09T00:00:00.000,W,919623,579348,1498971
2002-07-10T00:00:00.000,W,941513,591208,1532721
2002-07-11T00:00:00.000,W,969657,594276,1563933
2002-07-12T00:00:00.000,W,963191,618865,1582056
2002-07-13T00:00:00.000,A,624850,324416,949266
2002-07-14T00:00:00.000,U,433166,239865,673031
2002-07-15T00:00:00.000,W,949705,608087,1557792
2002-07-16T00:00:00.000,W,946077,621832,1567909
2002-07-17T00:00:00.000,W,931752,595378,1527130
2002-07-18T00:00:00.000,W,942643,596288,1538931
2002-07-19T00:00:00.000,W,960153,612971,1573124
2002-07-20T00:00:00.000,A,635657,339113,974770
2002-07-21T00:00:00.000,U,412477,229156,641633
2002-07-22T00:00:00.000,W,900537,595784,1496321
2002-07-23T00:00:00.000,W,955084,623156,1578240
2002-07-24T00:00:00.000,W,945502,617518,1563020
2002-07-25T00:00:00.000,W,931679,608190,1539869
2002-07-26T00:00:00.000,W,942389,590601,1532990
2002-07-27T00:00:00.000,A,595484,327980,923464
2002-07-28T00:00:00.000,U,414913,215040,629953
2002-07-29T00:00:00.000,W,893147,565324,1458471
2002-07-30T00:00:00.000,W,934322,614162,1548484
2002-07-31T00:00:00.000,W,912632,603775,1516407
2002-08-01T00:00:00.000,W,969159,607964,1577123
2002-08-02T00:00:00.000,W,1004199,612785,1616984
2002-08-03T00:00:00.000,A,674990,325279,1000269
2002-08-04T00:00:00.000,U,451144,234620,685764
2002-08-05T00:00:00.000,W,941406,569627,1511033
2002-08-06T00:00:00.000,W,955681,592722,1548403
2002-08-07T00:00:00.000,W,940727,585313,1526040
2002-08-08T00:00:00.000,W,945096,589840,1534936
2002-08-09T00:00:00.000,W,968109,592938,1561047
2002-08-10T00:00:00.000,A,667701,340015,1007716
2002-08-11T00:00:00.000,U,437332,230526,667858
2002-08-12T00:00:00.000,W,908503,579800,1488303
2002-08-13T00:00:00.000,W,871791,578996,1450787
2002-08-14T00:00:00.000,W,893558,586107,1479665
2002-08-15T00:00:00.000,W,920323,599375,1519698
2002-08-16T00:00:00.000,W,903666,592393,1496059
2002-08-17T00:00:00.000,A,644076,340569,984645
2002-08-18T00:00:00.000,U,490868,285298,776166
2002-08-19T00:00:00.000,W,847798,545503,1393301
2002-08-20T00:00:00.000,W,918696,586734,1505430
2002-08-21T00:00:00.000,W,904673,572717,1477390
2002-08-22T00:00:00.000,W,829797,533893,1363690
2002-08-23T00:00:00.000,W,903292,570031,1473323
2002-08-24T00:00:00.000,A,625725,308392,934117
2002-08-25T00:00:00.000,U,441076,227484,668560
2002-08-26T00:00:00.000,W,920546,572967,1493513
2002-08-27T00:00:00.000,W,923644,596884,1520528
2002-08-28T00:00:00.000,W,922170,590348,1512518
2002-08-29T00:00:00.000,W,808555,532322,1340877
2002-08-30T00:00:00.000,W,987793,608056,1595849
2002-08-31T00:00:00.000,A,666152,345777,1011929
2002-09-01T00:00:00.000,U,477226,257229,734455
2002-09-02T00:00:00.000,U,381482,201136,582618
2002-09-03T00:00:00.000,W,1106907,625970,1732877
2002-09-04T00:00:00.000,W,1087925,634665,1722590
2002-09-05T00:00:00.000,W,1083538,634950,1718488
2002-09-06T00:00:00.000,W,1082951,634809,1717760
2002-09-07T00:00:00.000,A,643335,318886,962221
2002-09-08T00:00:00.000,U,439942,218716,658658
2002-09-09T00:00:00.000,W,1071206,630453,1701659
2002-09-10T00:00:00.000,W,1050992,640278,1691270
2002-09-11T00:00:00.000,W,1045640,631554,1677194
2002-09-12T00:00:00.000,W,1059762,645114,1704876
2002-09-13T00:00:00.000,W,1064345,655102,1719447
2002-09-14T00:00:00.000,A,642689,327322,970011
2002-09-15T00:00:00.000,U,421429,221310,642739
2002-09-16T00:00:00.000,W,1049667,617848,1667515
2002-09-17T00:00:00.000,W,1064546,644444,1708990
2002-09-18T00:00:00.000,W,1039162,643763,1682925
2002-09-19T00:00:00.000,W,1038608,640884,1679492
2002-09-20T00:00:00.000,W,1019280,626196,1645476
2002-09-21T00:00:00.000,A,674983,330553,1005536
2002-09-22T00:00:00.000,U,416973,215142,632115
2002-09-23T00:00:00.000,W,1055515,637798,1693313
2002-09-24T00:00:00.000,W,1055580,664958,1720538
2002-09-25T00:00:00.000,W,1064437,666345,1730782
2002-09-26T00:00:00.000,W,1057421,662347,1719768
2002-09-27T00:00:00.000,W,1058970,651373,1710343
2002-09-28T00:00:00.000,A,632188,338847,971035
2002-09-29T00:00:00.000,U,421618,232441,654059
2002-09-30T00:00:00.000,W,1048696,634065,1682761
2002-10-01T00:00:00.000,W,1098830,653561,1752391
2002-10-02T00:00:00.000,W,1059836,648879,1708715
2002-10-03T00:00:00.000,W,1100107,655905,1756012
2002-10-04T00:00:00.000,W,1024955,626723,1651678
2002-10-05T00:00:00.000,A,672805,338207,1011012
2002-10-06T00:00:00.000,U,423210,223075,646285
2002-10-07T00:00:00.000,W,1086922,641838,1728760
2002-10-08T00:00:00.000,W,1074824,650758,1725582
2002-10-09T00:00:00.000,W,1064324,648974,1713298
2002-10-10T00:00:00.000,W,1072954,655002,1727956
2002-10-11T00:00:00.000,W,1074197,658585,1732782
2002-10-12T00:00:00.000,A,612527,332781,945308
2002-10-13T00:00:00.000,U,407917,323103,731020
2002-10-14T00:00:00.000,W,806818,542057,1348875
2002-10-15T00:00:00.000,W,1068455,653527,1721982
2002-10-16T00:00:00.000,W,1036205,645880,1682085
2002-10-17T00:00:00.000,W,1030300,645590,1675890
2002-10-18T00:00:00.000,W,1059316,643043,1702359
2002-10-19T00:00:00.000,A,654965,333538,988503
2002-10-20T00:00:00.000,U,424767,222167,646934
2002-10-21T00:00:00.000,W,1057968,632256,1690224
2002-10-22T00:00:00.000,W,1047657,645112,1692769
2002-10-23T00:00:00.000,W,1013066,635553,1648619
2002-10-24T00:00:00.000,W,1014798,642039,1656837
2002-10-25T00:00:00.000,W,1022926,632981,1655907
2002-10-26T00:00:00.000,A,626185,331030,957215
2002-10-27T00:00:00.000,U,413385,217556,630941
2002-10-28T00:00:00.000,W,1041265,628314,1669579
2002-10-29T00:00:00.000,W,1025525,636398,1661923
2002-10-30T00:00:00.000,W,1036745,639993,1676738
2002-10-31T00:00:00.000,W,1000155,635297,1635452
2002-11-01T00:00:00.000,W,1069031,628183,1697214
2002-11-02T00:00:00.000,A,647400,313106,960506
2002-11-03T00:00:00.000,U,418620,211506,630126
2002-11-04T00:00:00.000,W,1072235,633872,1706107
2002-11-05T00:00:00.000,W,994530,613203,1607733
2002-11-06T00:00:00.000,W,1045767,644971,1690738
2002-11-07T00:00:00.000,W,1065889,664817,1730706
2002-11-08T00:00:00.000,W,995294,646927,1642221
2002-11-09T00:00:00.000,A,630142,329264,959406
2002-11-10T00:00:00.000,U,419858,220134,639992
2002-11-11T00:00:00.000,W,780558,519021,1299579
2002-11-12T00:00:00.000,W,1029700,637242,1666942
2002-11-13T00:00:00.000,W,1035982,635224,1671206
2002-11-14T00:00:00.000,W,956533,625010,1581543
2002-11-15T00:00:00.000,W,1042694,630267,1672961
2002-11-16T00:00:00.000,A,600110,314114,914224
2002-11-17T00:00:00.000,U,393692,204651,598343
2002-11-18T00:00:00.000,W,1018831,619368,1638199
2002-11-19T00:00:00.000,W,1058349,638719,1697068
2002-11-20T00:00:00.000,W,1033748,630680,1664428
2002-11-21T00:00:00.000,W,983825,621257,1605082
2002-11-22T00:00:00.000,W,1030889,618981,1649870
2002-11-23T00:00:00.000,A,631388,353053,984441
2002-11-24T00:00:00.000,U,393321,202257,595578
2002-11-25T00:00:00.000,W,992101,602628,1594729
2002-11-26T00:00:00.000,W,959679,611673,1571352
2002-11-27T00:00:00.000,W,946620,584367,1530987
2002-11-28T00:00:00.000,U,297477,145995,443472
2002-11-29T00:00:00.000,W,676405,367260,1043665
2002-11-30T00:00:00.000,A,525319,255100,780419
2002-12-01T00:00:00.000,U,362192,187150,549342
2002-12-02T00:00:00.000,W,966808,598780,1565588
2002-12-03T00:00:00.000,W,1007666,622071,1629737
2002-12-04T00:00:00.000,W,1003459,610601,1614060
2002-12-05T00:00:00.000,W,1005218,607822,1613040
2002-12-06T00:00:00.000,W,1018401,602004,1620405
2002-12-07T00:00:00.000,A,627855,318034,945889
2002-12-08T00:00:00.000,U,396717,202070,598787
2002-12-09T00:00:00.000,W,994622,575116,1569738
2002-12-10T00:00:00.000,W,1030456,601656,1632112
2002-12-11T00:00:00.000,W,1021640,603601,1625241
2002-12-12T00:00:00.000,W,1015667,602683,1618350
2002-12-13T00:00:00.000,W,1020480,600852,1621332
2002-12-14T00:00:00.000,A,653848,325639,979487
2002-12-15T00:00:00.000,U,435253,216394,651647
2002-12-16T00:00:00.000,W,1003932,577286,1581218
2002-12-17T00:00:00.000,W,985528,583328,1568856
2002-12-18T00:00:00.000,W,939870,571921,1511791
2002-12-19T00:00:00.000,W,1020038,590493,1610531
2002-12-20T00:00:00.000,W,984913,565925,1550838
2002-12-21T00:00:00.000,A,614025,284719,898744
2002-12-22T00:00:00.000,U,404210,194323,598533
2002-12-23T00:00:00.000,W,827316,467245,1294561
2002-12-24T00:00:00.000,W,621673,319916,941589
2002-12-25T00:00:00.000,U,237547,96846,334393
2002-12-26T00:00:00.000,W,661076,372317,1033393
2002-12-27T00:00:00.000,W,744896,424575,1169471
2002-12-28T00:00:00.000,A,528087,236606,764693
2002-12-29T00:00:00.000,U,380197,181081,561278
2002-12-30T00:00:00.000,W,773707,469806,1243513
2002-12-31T00:00:00.000,W,792623,456865,1249488
2003-01-01T00:00:00.000,U,325478,169985,495463
2003-01-02T00:00:00.000,W,757781,484840,1242621
2003-01-03T00:00:00.000,W,861580,515985,1377565
2003-01-04T00:00:00.000,A,570941,255217,826158
2003-01-05T00:00:00.000,U,377813,177159,554972
2003-01-06T00:00:00.000,W,982617,574868,1557485
2003-01-07T00:00:00.000,W,982542,580676,1563218
2003-01-08T00:00:00.000,W,1011812,592758,1604570
2003-01-09T00:00:00.000,W,979678,586435,1566113
2003-01-10T00:00:00.000,W,963808,567691,1531499
2003-01-11T00:00:00.000,A,506478,250051,756529
2003-01-12T00:00:00.000,U,346918,171467,518385
2003-01-13T00:00:00.000,W,973653,585781,1559434
2003-01-14T00:00:00.000,W,940805,594400,1535205
2003-01-15T00:00:00.000,W,928578,583104,1511682
2003-01-16T00:00:00.000,W,945280,591915,1537195
2003-01-17T00:00:00.000,W,973358,584772,1558130
2003-01-18T00:00:00.000,A,512435,261058,773493
2003-01-19T00:00:00.000,U,327279,172937,500216
2003-01-20T00:00:00.000,W,604089,375958,980047
2003-01-21T00:00:00.000,W,954156,590827,1544983
2003-01-22T00:00:00.000,W,912033,572491,1484524
2003-01-23T00:00:00.000,W,822317,541015,1363332
2003-01-24T00:00:00.000,W,893501,546353,1439854
2003-01-25T00:00:00.000,A,547944,259287,807231
2003-01-26T00:00:00.000,U,335046,168783,503829
2003-01-27T00:00:00.000,W,922033,564295,1486328
2003-01-28T00:00:00.000,W,952120,598146,1550266
2003-01-29T00:00:00.000,W,970605,594588,1565193
2003-01-30T00:00:00.000,W,993731,601060,1594791
2003-01-31T00:00:00.000,W,929004,577555,1506559
2003-02-01T00:00:00.000,A,639705,291226,930931
2003-02-02T00:00:00.000,U,415598,192294,607892
2003-02-03T00:00:00.000,W,1039918,596186,1636104
2003-02-04T00:00:00.000,W,980582,597044,1577626
2003-02-05T00:00:00.000,W,961776,585552,1547328
2003-02-06T00:00:00.000,W,981973,596888,1578861
2003-02-07T00:00:00.000,W,953979,573249,1527228
2003-02-08T00:00:00.000,A,563430,270521,833951
2003-02-09T00:00:00.000,U,367964,180861,548825
2003-02-10T00:00:00.000,W,948507,584120,1532627
2003-02-11T00:00:00.000,W,928346,592292,1520638
2003-02-12T00:00:00.000,W,749254,523192,1272446
2003-02-13T00:00:00.000,W,978871,597819,1576690
2003-02-14T00:00:00.000,W,985806,594045,1579851
2003-02-15T00:00:00.000,A,543945,271823,815768
2003-02-16T00:00:00.000,U,365939,188276,554215
2003-02-17T00:00:00.000,W,709845,447938,1157783
2003-02-18T00:00:00.000,W,974450,604717,1579167
2003-02-19T00:00:00.000,W,982943,605097,1588040
2003-02-20T00:00:00.000,W,988095,611766,1599861
2003-02-21T00:00:00.000,W,1005940,601156,1607096
2003-02-22T00:00:00.000,A,529921,276538,806459
2003-02-23T00:00:00.000,U,377363,185905,563268
2003-02-24T00:00:00.000,W,908324,574013,1482337
2003-02-25T00:00:00.000,W,897857,572520,1470377
2003-02-26T00:00:00.000,W,939161,588630,1527791
2003-02-27T00:00:00.000,W,951569,599144,1550713
2003-02-28T00:00:00.000,W,1011530,597504,1609034
2003-03-01T00:00:00.000,A,610177,291264,901441
2003-03-02T00:00:00.000,U,347417,182200,529617
2003-03-03T00:00:00.000,W,822165,535306,1357471
2003-03-04T00:00:00.000,W,964967,606043,1571010
2003-03-05T00:00:00.000,W,868551,583929,1452480
2003-03-06T00:00:00.000,W,874641,573715,1448356
2003-03-07T00:00:00.000,W,980484,584273,1564757
2003-03-08T00:00:00.000,A,550093,274523,824616
2003-03-09T00:00:00.000,U,335884,177874,513758
2003-03-10T00:00:00.000,W,916661,573635,1490296
2003-03-11T00:00:00.000,W,971894,601034,1572928
2003-03-12T00:00:00.000,W,981590,604333,1585923
2003-03-13T00:00:00.000,W,978881,609896,1588777
2003-03-14T00:00:00.000,W,1009566,615377,1624943
2003-03-15T00:00:00.000,A,637081,381570,1018651
2003-03-16T00:00:00.000,U,429227,235438,664665
2003-03-17T00:00:00.000,W,976703,597982,1574685
2003-03-18T00:00:00.000,W,963349,596226,1559575
2003-03-19T00:00:00.000,W,938499,586881,1525380
2003-03-20T00:00:00.000,W,936654,594341,1530995
2003-03-21T00:00:00.000,W,967479,588655,1556134
2003-03-22T00:00:00.000,A,577660,292329,869989
2003-03-23T00:00:00.000,U,410745,215626,626371
2003-03-24T00:00:00.000,W,962889,584149,1547038
2003-03-25T00:00:00.000,W,973017,594589,1567606
2003-03-26T00:00:00.000,W,968581,594924,1563505
2003-03-27T00:00:00.000,W,969195,593676,1562871
2003-03-28T00:00:00.000,W,815984,552242,1368226
2003-03-29T00:00:00.000,A,555638,280361,835999
2003-03-30T00:00:00.000,U,372071,191109,563180
2003-03-31T00:00:00.000,W,973924,577834,1551758
2003-04-01T00:00:00.000,W,1028531,603564,1632095
2003-04-02T00:00:00.000,W,1020829,602855,1623684
2003-04-03T00:00:00.000,W,995062,592074,1587136
2003-04-04T00:00:00.000,W,912458,572837,1485295
2003-04-05T00:00:00.000,A,593273,293496,886769
2003-04-06T00:00:00.000,U,370275,188467,558742
2003-04-07T00:00:00.000,W,873605,565391,1438996
2003-04-08T00:00:00.000,W,947482,599769,1547251
2003-04-09T00:00:00.000,W,986992,611985,1598977
2003-04-10T00:00:00.000,W,1007977,624279,1632256
2003-04-11T00:00:00.000,W,912918,600667,1513585
2003-04-12T00:00:00.000,A,602670,321354,924024
2003-04-13T00:00:00.000,U,407540,219553,627093
2003-04-14T00:00:00.000,W,904517,593473,1497990
2003-04-15T00:00:00.000,W,894368,606461,1500829
2003-04-16T00:00:00.000,W,836328,578259,1414587
2003-04-17T00:00:00.000,W,815274,563613,1378887
2003-04-18T00:00:00.000,W,769997,482196,1252193
2003-04-19T00:00:00.000,A,562148,263464,825612
2003-04-20T00:00:00.000,U,368478,172399,540877
2003-04-21T00:00:00.000,W,925231,572442,1497673
2003-04-22T00:00:00.000,W,964240,617403,1581643
2003-04-23T00:00:00.000,W,923474,613127,1536601
2003-04-24T00:00:00.000,W,961316,620140,1581456
2003-04-25T00:00:00.000,W,979369,595103,1574472
2003-04-26T00:00:00.000,A,588057,300728,888785
2003-04-27T00:00:00.000,U,403462,210716,614178
2003-04-28T00:00:00.000,W,962103,582145,1544248
2003-04-29T00:00:00.000,W,958977,595629,1554606
2003-04-30T00:00:00.000,W,828642,567596,1396238
2003-05-01T00:00:00.000,W,971218,597161,1568379
2003-05-02T00:00:00.000,W,1039212,616460,1655672
2003-05-03T00:00:00.000,A,645503,335590,981093
2003-05-04T00:00:00.000,U,395799,214366,610165
2003-05-05T00:00:00.000,W,1006467,608082,1614549
2003-05-06T00:00:00.000,W,1007795,626276,1634071
2003-05-07T00:00:00.000,W,977279,610370,1587649
2003-05-08T00:00:00.000,W,984692,605164,1589856
2003-05-09T00:00:00.000,W,992211,616706,1608917
2003-05-10T00:00:00.000,A,577508,301857,879365
2003-05-11T00:00:00.000,U,322449,193398,515847
2003-05-12T00:00:00.000,W,956974,580553,1537527
2003-05-13T00:00:00.000,W,981698,602563,1584261
2003-05-14T00:00:00.000,W,911890,583198,1495088
2003-05-15T00:00:00.000,W,971525,598384,1569909
2003-05-16T00:00:00.000,W,999630,589910,1589540
2003-05-17T00:00:00.000,A,614484,304723,919207
2003-05-18T00:00:00.000,U,403043,207860,610903
2003-05-19T00:00:00.000,W,961806,579665,1541471
2003-05-20T00:00:00.000,W,966295,594508,1560803
2003-05-21T00:00:00.000,W,992696,592768,1585464
2003-05-22T00:00:00.000,W,967683,590893,1558576
2003-05-23T00:00:00.000,W,969112,575372,1544484
2003-05-24T00:00:00.000,A,591523,301068,892591
2003-05-25T00:00:00.000,U,408454,223466,631920
2003-05-26T00:00:00.000,U,380796,224023,604819
2003-05-27T00:00:00.000,W,961009,597804,1558813
2003-05-28T00:00:00.000,W,910537,586704,1497241
2003-05-29T00:00:00.000,W,961715,595331,1557046
2003-05-30T00:00:00.000,W,988281,613622,1601903
2003-05-31T00:00:00.000,A,575015,318134,893149
2003-06-01T00:00:00.000,U,422827,245291,668118
2003-06-02T00:00:00.000,W,978201,583126,1561327
2003-06-03T00:00:00.000,W,992041,610279,1602320
2003-06-04T00:00:00.000,W,997077,615414,1612491
2003-06-05T00:00:00.000,W,991907,622481,1614388
2003-06-06T00:00:00.000,W,962917,615632,1578549
2003-06-07T00:00:00.000,A,634650,354198,988848
2003-06-08T00:00:00.000,U,380953,229228,610181
2003-06-09T00:00:00.000,W,987516,590887,1578403
2003-06-10T00:00:00.000,W,940459,596552,1537011
2003-06-11T00:00:00.000,W,961149,607043,1568192
2003-06-12T00:00:00.000,W,969572,604883,1574455
2003-06-13T00:00:00.000,W,976147,592987,1569134
2003-06-14T00:00:00.000,A,626911,320029,946940
2003-06-15T00:00:00.000,U,421515,221822,643337
2003-06-16T00:00:00.000,W,955066,581387,1536453
2003-06-17T00:00:00.000,W,965718,601420,1567138
2003-06-18T00:00:00.000,W,897454,587986,1485440
2003-06-19T00:00:00.000,W,946693,596124,1542817
2003-06-20T00:00:00.000,W,938177,611219,1549396
2003-06-21T00:00:00.000,A,610796,345895,956691
2003-06-22T00:00:00.000,U,423283,242077,665360
2003-06-23T00:00:00.000,W,855955,568379,1424334
2003-06-24T00:00:00.000,W,928442,620552,1548994
2003-06-25T00:00:00.000,W,841205,603880,1445085
2003-06-26T00:00:00.000,W,833307,600660,1433967
2003-06-27T00:00:00.000,W,890776,661150,1551926
2003-06-28T00:00:00.000,A,561500,350162,911662
2003-06-29T00:00:00.000,U,421380,329753,751133
2003-06-30T00:00:00.000,W,884729,611874,1496603
2003-07-01T00:00:00.000,W,957351,634210,1591561
2003-07-02T00:00:00.000,W,936777,640212,1576989
2003-07-03T00:00:00.000,W,983110,790702,1773812
2003-07-04T00:00:00.000,U,471591,347887,819478
2003-07-05T00:00:00.000,A,549605,363309,912914
2003-07-06T00:00:00.000,U,389816,269228,659044
2003-07-07T00:00:00.000,W,852771,569437,1422208
2003-07-08T00:00:00.000,W,846175,579733,1425908
2003-07-09T00:00:00.000,W,871942,598967,1470909
2003-07-10T00:00:00.000,W,893195,614469,1507664
2003-07-11T00:00:00.000,W,907669,615433,1523102
2003-07-12T00:00:00.000,A,607118,339152,946270
2003-07-13T00:00:00.000,U,421579,257051,678630
2003-07-14T00:00:00.000,W,905206,611190,1516396
2003-07-15T00:00:00.000,W,874304,618204,1492508
2003-07-16T00:00:00.000,W,915630,597927,1513557
2003-07-17T00:00:00.000,W,861722,579675,1441397
2003-07-18T00:00:00.000,W,902204,590356,1492560
2003-07-19T00:00:00.000,A,619480,324535,944015
2003-07-20T00:00:00.000,U,403847,224010,627857
2003-07-21T00:00:00.000,W,883219,578363,1461582
2003-07-22T00:00:00.000,W,889426,590880,1480306
2003-07-23T00:00:00.000,W,906650,622160,1528810
2003-07-24T00:00:00.000,W,896387,622281,1518668
2003-07-25T00:00:00.000,W,903368,591792,1495160
2003-07-26T00:00:00.000,A,584819,312502,897321
2003-07-27T00:00:00.000,U,367151,222589,589740
2003-07-28T00:00:00.000,W,849172,562933,1412105
2003-07-29T00:00:00.000,W,903830,615414,1519244
2003-07-30T00:00:00.000,W,880392,616406,1496798
2003-07-31T00:00:00.000,W,889575,617395,1506970
2003-08-01T00:00:00.000,W,912597,605206,1517803
2003-08-02T00:00:00.000,A,678701,399990,1078691
2003-08-03T00:00:00.000,U,387659,244986,632645
2003-08-04T00:00:00.000,W,920408,585024,1505432
2003-08-05T00:00:00.000,W,918113,600556,1518669
2003-08-06T00:00:00.000,W,883115,581895,1465010
2003-08-07T00:00:00.000,W,923161,584026,1507187
2003-08-08T00:00:00.000,W,903597,583831,1487428
2003-08-09T00:00:00.000,A,638279,371415,1009694
2003-08-10T00:00:00.000,U,418764,244876,663640
2003-08-11T00:00:00.000,W,806587,566910,1373497
2003-08-12T00:00:00.000,W,864526,595230,1459756
2003-08-13T00:00:00.000,W,875224,614427,1489651
2003-08-14T00:00:00.000,W,857542,592601,1450143
2003-08-15T00:00:00.000,W,873580,602111,1475691
2003-08-16T00:00:00.000,A,627785,363117,990902
2003-08-17T00:00:00.000,U,462931,290507,753438
2003-08-18T00:00:00.000,W,821919,559214,1381133
2003-08-19T00:00:00.000,W,853603,577418,1431021
2003-08-20T00:00:00.000,W,838351,567116,1405467
2003-08-21T00:00:00.000,W,820578,562565,1383143
2003-08-22T00:00:00.000,W,867524,576202,1443726
2003-08-23T00:00:00.000,A,585510,313035,898545
2003-08-24T00:00:00.000,U,408305,227185,635490
2003-08-25T00:00:00.000,W,850528,561134,1411662
2003-08-26T00:00:00.000,W,836703,573211,1409914
2003-08-27T00:00:00.000,W,862298,578962,1441260
2003-08-28T00:00:00.000,W,857707,578781,1436488
2003-08-29T00:00:00.000,W,902436,604839,1507275
2003-08-30T00:00:00.000,A,622090,339474,961564
2003-08-31T00:00:00.000,U,396860,242605,639465
2003-09-01T00:00:00.000,U,326772,199296,526068
2003-09-02T00:00:00.000,W,1025978,648864,1674842
2003-09-03T00:00:00.000,W,1059974,650319,1710293
2003-09-04T00:00:00.000,W,1040002,652383,1692385
2003-09-05T00:00:00.000,W,1044868,634834,1679702
2003-09-06T00:00:00.000,A,625347,334013,959360
2003-09-07T00:00:00.000,U,421385,222973,644358
2003-09-08T00:00:00.000,W,1028540,623072,1651612
2003-09-09T00:00:00.000,W,1030074,632686,1662760
2003-09-10T00:00:00.000,W,1019275,645858,1665133
2003-09-11T00:00:00.000,W,1018196,639732,1657928
2003-09-12T00:00:00.000,W,1002297,650171,1652468
2003-09-13T00:00:00.000,A,601330,350594,951924
2003-09-14T00:00:00.000,U,386248,235410,621658
2003-09-15T00:00:00.000,W,1015639,653569,1669208
2003-09-16T00:00:00.000,W,1033950,663607,1697557
2003-09-17T00:00:00.000,W,1023215,663761,1686976
2003-09-18T00:00:00.000,W,1023301,647465,1670766
2003-09-19T00:00:00.000,W,1019769,642616,1662385
2003-09-20T00:00:00.000,A,618523,338787,957310
2003-09-21T00:00:00.000,U,421320,231095,652415
2003-09-22T00:00:00.000,W,992288,638244,1630532
2003-09-23T00:00:00.000,W,1023379,655433,1678812
2003-09-24T00:00:00.000,W,973736,643836,1617572
2003-09-25T00:00:00.000,W,1006367,648354,1654721
2003-09-26T00:00:00.000,W,939175,643987,1583162
2003-09-27T00:00:00.000,A,591935,358390,950325
